1634774400000,4161.37000000,4166.19000000,4159.98000000,4161.27000000,766.12180000,1634774459999,3189222.49668900,976,346.84710000,1444017.22570200,0
1634774460000,4161.26000000,4162.37000000,4151.01000000,4154.03000000,876.76370000,1634774519999,3644698.42963900,1128,348.75710000,1449394.66100900,0
1634774520000,4154.03000000,4154.08000000,4147.88000000,4151.54000000,848.74160000,1634774579999,3523118.35281800,1767,364.81320000,1514524.09945200,0
1634774580000,4151.54000000,4162.63000000,4151.54000000,4154.87000000,564.66640000,1634774639999,2347643.88945300,1323,340.54600000,1415897.70560600,0
1634774640000,4154.86000000,4154.87000000,4150.18000000,4150.74000000,300.20230000,1634774699999,1246531.36785600,900,139.77610000,580431.38586900,0
1634774700000,4150.73000000,4150.74000000,4139.87000000,4140.96000000,695.48360000,1634774759999,2882385.69357800,3539,290.44840000,1203640.66507000,0
1634774760000,4140.97000000,4142.31000000,4137.13000000,4140.62000000,316.95470000,1634774819999,1312178.22926600,1446,193.47650000,800965.39233400,0
1634774820000,4140.62000000,4147.33000000,4140.61000000,4144.32000000,616.25920000,1634774879999,2553960.96870200,1090,416.44570000,1725746.73369800,0
1634774880000,4144.07000000,4149.67000000,4143.80000000,4146.74000000,592.49310000,1634774939999,2457241.47092100,970,508.23820000,2107788.58210800,0
1634774940000,4146.75000000,4149.96000000,4144.23000000,4145.43000000,230.51960000,1634774999999,955892.73591400,1009,116.38420000,482606.53903100,0
1634775000000,4145.42000000,4148.26000000,4144.00000000,4148.26000000,201.09840000,1634775059999,833898.67600000,842,114.87210000,476398.95965400,0
1634775060000,4148.25000000,4148.93000000,4142.97000000,4142.98000000,185.39720000,1634775119999,768692.88288700,638,52.71580000,218567.19319300,0
1634775120000,4142.97000000,4144.84000000,4140.97000000,4143.32000000,173.13820000,1634775179999,717298.01976700,680,74.33370000,307953.69054600,0
1634775180000,4143.32000000,4145.00000000,4142.72000000,4143.68000000,130.04200000,1634775239999,538913.43879000,594,66.23920000,274502.92423300,0
1634775240000,4143.69000000,4143.69000000,4136.13000000,4138.71000000,625.80130000,1634775299999,2590580.10997500,1109,209.66860000,867888.67928200,0
1634775300000,4138.71000000,4145.00000000,4138.71000000,4145.00000000,256.12580000,1634775359999,1061144.28258200,880,128.39930000,531960.62827500,0
1634775360000,4144.99000000,4151.23000000,4143.00000000,4151.23000000,333.53240000,1634775419999,1383402.95920400,976,225.61910000,935802.57004000,0
1634775420000,4151.22000000,4152.31000000,4147.82000000,4152.09000000,246.66480000,1634775479999,1023759.78802400,749,130.62800000,542176.92378700,0
1634775480000,4152.10000000,4159.18000000,4151.50000000,4155.84000000,242.09040000,1634775539999,1005939.37370700,827,121.51170000,504910.20346700,0
1634775540000,4155.85000000,4166.09000000,4154.27000000,4165.17000000,843.65980000,1634775599999,3510371.84356200,1467,525.37340000,2186528.37728900,0
1634775600000,4165.00000000,4168.60000000,4160.90000000,4168.07000000,1233.73980000,1634775659999,5140354.56215000,1260,1022.98540000,4262496.91984700,0
1634775660000,4168.07000000,4186.00000000,4167.01000000,4185.00000000,2502.39992000,1634775719999,10452697.46071030,8133,1583.30051000,6613613.62042620,0
1634775720000,4184.18000000,4189.47000000,4176.02000000,4186.66000000,2192.89755000,1634775779999,9175812.41286900,8201,1319.09685000,5520194.68620300,0
1634775780000,4186.66000000,4190.00000000,4184.57000000,4189.97000000,1246.01716000,1634775839999,5217609.48372180,6141,865.81596000,3625476.76159020,0
1634775840000,4189.96000000,4190.00000000,4187.00000000,4187.70000000,2502.12930000,1634775899999,10482938.93843200,4491,2143.65170000,8981223.41280600,0
1634775900000,4187.70000000,4188.00000000,4182.46000000,4183.81000000,877.88560000,1634775959999,3674249.35526800,2805,428.54990000,1793723.01583200,0
1634775960000,4183.81000000,4186.00000000,4180.00000000,4185.84000000,740.52710000,1634776019999,3096788.20018400,2487,358.67950000,1500056.53322300,0
1634776020000,4185.83000000,4187.99000000,4184.22000000,4187.60000000,939.93010000,1634776079999,3934345.21180600,1373,700.19340000,2930962.08116100,0
1634776080000,4187.61000000,4189.46000000,4187.58000000,4188.85000000,711.43510000,1634776139999,2979505.23468100,1122,620.79890000,2599926.65898700,0
1634776140000,4188.85000000,4190.00000000,4185.33000000,4189.99000000,838.95480000,1634776199999,3514299.66955300,1345,611.29100000,2560688.34089400,0
1634776200000,4190.00000000,4200.00000000,4189.21000000,4198.32000000,4387.83883000,1634776259999,18399262.61702450,8760,3682.39038000,15439024.24331680,0
1634776260000,4198.33000000,4200.00000000,4195.89000000,4199.76000000,1571.95040000,1634776319999,6600938.58308400,5703,1201.49070000,5045305.79534700,0
1634776320000,4199.57000000,4200.00000000,4194.33000000,4199.61000000,1038.32970000,1634776379999,4358996.15697000,1589,527.26010000,2213565.34247100,0
1634776380000,4199.62000000,4200.00000000,4192.27000000,4195.36000000,1252.60340000,1634776439999,5258314.87738400,2420,845.71720000,3550885.76423400,0
1634776440000,4195.36000000,4200.00000000,4189.07000000,4192.24000000,959.66700000,1634776499999,4027268.59208600,1735,639.57410000,2684674.99560200,0
1634776500000,4192.24000000,4195.40000000,4186.55000000,4186.80000000,458.30440000,1634776559999,1920107.15971800,2164,232.66010000,974816.19316200,0
1634776560000,4186.79000000,4188.37000000,4182.29000000,4187.27000000,369.59330000,1634776619999,1546984.01372400,2020,180.82500000,756909.89602400,0
1634776620000,4187.27000000,4191.37000000,4184.53000000,4191.04000000,623.91490000,1634776679999,2612658.74771200,7523,392.76120000,1644671.19217700,0
1634776680000,4191.03000000,4200.00000000,4191.03000000,4199.76000000,1599.20500000,1634776739999,6713581.53205100,8436,1288.38770000,5409566.39195800,0
1634776740000,4199.76000000,4205.00000000,4197.94000000,4203.64000000,1858.17993000,1634776799999,7806198.92886290,5171,1616.38719000,6790418.18887590,0
1634776800000,4203.63000000,4208.13000000,4201.27000000,4203.13000000,646.82210000,1634776859999,2719280.29374740,2998,488.74410000,2054770.98869640,0
1634776860000,4203.13000000,4203.30000000,4197.26000000,4202.82000000,634.38350000,1634776919999,2664249.79763600,3319,327.25330000,1374314.31353600,0
1634776920000,4202.82000000,4204.31000000,4200.35000000,4202.42000000,336.54460000,1634776979999,1414206.10866200,1199,270.70190000,1137501.89483800,0
1634776980000,4202.42000000,4207.10000000,4196.60000000,4197.74000000,741.04850000,1634777039999,3113966.80295500,3282,343.23800000,1442378.71020600,0
1634777040000,4198.12000000,4201.43000000,4195.30000000,4199.70000000,377.32840000,1634777099999,1583998.57428600,2744,225.53250000,946808.63781100,0
1634777100000,4199.71000000,4204.99000000,4196.52000000,4196.53000000,326.37080000,1634777159999,1371520.76293000,2290,168.39290000,707627.25795200,0
1634777160000,4196.53000000,4197.79000000,4192.23000000,4195.47000000,288.68290000,1634777219999,1211191.74146200,1267,108.36690000,454660.88059500,0
1634777220000,4195.47000000,4195.48000000,4188.50000000,4194.29000000,283.87590000,1634777279999,1190030.10621000,1381,112.32380000,470813.54984700,0
1634777280000,4194.30000000,4196.50000000,4193.32000000,4193.37000000,248.11020000,1634777339999,1040780.79887800,991,133.32070000,559257.86970100,0
1634777340000,4193.36000000,4193.37000000,4187.40000000,4187.58000000,632.42740000,1634777399999,2649961.73266400,1175,169.54920000,710267.38256800,0
1634777400000,4187.58000000,4188.33000000,4179.73000000,4186.28000000,1034.47870000,1634777459999,4328879.87066300,1639,373.97450000,1564984.92449400,0
1634777460000,4186.28000000,4186.29000000,4180.83000000,4182.03000000,767.83750000,1634777519999,3212844.71203400,1266,160.81440000,672876.95456100,0
1634777520000,4182.04000000,4185.42000000,4178.82000000,4180.99000000,833.09260000,1634777579999,3483936.96126100,1236,494.95230000,2069947.67011600,0
1634777580000,4181.00000000,4186.85000000,4180.51000000,4186.28000000,868.21290000,1634777639999,3630512.82450500,597,825.98490000,3453805.79381900,0
1634777640000,4186.28000000,4186.31000000,4181.37000000,4181.81000000,265.62350000,1634777699999,1111324.58637900,552,105.97960000,443358.25284900,0
1634777700000,4181.81000000,4184.65000000,4174.17000000,4183.22000000,410.82040000,1634777759999,1717146.75645700,2320,175.27540000,732538.11365400,0
1634777760000,4183.22000000,4189.29000000,4182.83000000,4186.06000000,411.52360000,1634777819999,1722961.78056800,936,302.07100000,1264742.93593800,0
1634777820000,4186.05000000,4192.09000000,4185.10000000,4191.88000000,204.18140000,1634777879999,855164.19689400,634,109.50570000,458664.46561300,0
1634777880000,4191.88000000,4193.84000000,4189.00000000,4192.03000000,247.00610000,1634777939999,1035429.31092300,715,121.86630000,510864.57757100,0
1634777940000,4192.04000000,4192.04000000,4187.35000000,4187.80000000,220.97900000,1634777999999,925517.84342700,572,137.47800000,575800.78657000,0
1634778000000,4187.80000000,4194.44000000,4185.55000000,4194.43000000,661.61250000,1634778059999,2771827.74946500,1088,436.52620000,1829074.76483100,0
1634778060000,4194.44000000,4197.77000000,4194.44000000,4196.42000000,492.23030000,1634778119999,2065688.92033500,1245,139.35560000,584745.86024800,0
1634778120000,4196.42000000,4203.21000000,4194.43000000,4201.18000000,513.01520000,1634778179999,2153805.32404900,1407,344.31750000,1445716.52312900,0
1634778180000,4201.22000000,4201.51000000,4194.04000000,4194.44000000,199.08260000,1634778239999,835457.30419500,966,103.33170000,433576.95017000,0
1634778240000,4194.45000000,4200.70000000,4194.08000000,4199.17000000,343.80150000,1634778299999,1442955.70266100,1050,180.04950000,755625.20309500,0
1634778300000,4199.18000000,4206.00000000,4197.61000000,4205.89000000,498.65930000,1634778359999,2095551.19529000,1516,301.69210000,1267929.51456300,0
1634778360000,4206.00000000,4210.00000000,4205.22000000,4210.00000000,917.62087000,1634778419999,3861810.59914480,11395,636.13257000,2677215.24305180,0
1634778420000,4209.99000000,4220.00000000,4209.99000000,4218.72000000,1281.08137000,1634778479999,5398642.48190390,9317,865.19558000,3645802.53189990,0
1634778480000,4218.72000000,4222.00000000,4213.90000000,4222.00000000,1060.95930000,1634778539999,4475725.65711850,8569,783.20740000,3304036.10635050,0
1634778540000,4222.00000000,4222.00000000,4215.36000000,4217.66000000,685.53320000,1634778599999,2892483.01658800,7535,402.17420000,1696826.06194600,0
1634778600000,4218.07000000,4225.00000000,4218.00000000,4222.03000000,591.14795000,1634778659999,2495182.21480900,2080,360.00215000,1519552.39363400,0
1634778660000,4222.04000000,4224.49000000,4218.57000000,4220.91000000,622.90610000,1634778719999,2629964.96116600,1680,357.24700000,1508250.37706000,0
1634778720000,4220.91000000,4222.06000000,4214.07000000,4215.66000000,468.27480000,1634778779999,1975181.67359000,3398,205.50570000,866904.75456300,0
1634778780000,4215.66000000,4218.44000000,4213.00000000,4218.44000000,453.28830000,1634778839999,1910730.01774100,2124,267.60080000,1128006.71829100,0
1634778840000,4218.43000000,4228.00000000,4218.43000000,4225.66000000,694.46884000,1634778899999,2933981.05348120,2858,387.17294000,1635635.69851140,0
1634778900000,4225.66000000,4228.05000000,4220.50000000,4221.43000000,392.96680000,1634778959999,1660465.54134350,2190,209.29100000,884292.58548350,0
1634778960000,4221.44000000,4222.25000000,4217.96000000,4218.74000000,319.49240000,1634779019999,1348201.67546800,1255,161.39070000,681022.21241600,0
1634779020000,4218.75000000,4229.46000000,4215.81000000,4229.46000000,306.71836000,1634779079999,1294476.11388880,1545,184.22316000,777517.50406380,0
1634779080000,4229.46000000,4238.00000000,4228.60000000,4234.00000000,928.71332000,1634779139999,3931163.23839490,9165,611.43912000,2588085.28096890,0
1634779140000,4234.01000000,4237.58000000,4232.12000000,4233.13000000,618.06720000,1634779199999,2617505.46177200,1720,393.46870000,1666340.70779600,0
1634779200000,4233.14000000,4234.35000000,4228.60000000,4229.66000000,617.77980000,1634779259999,2613882.15208500,1909,360.82520000,1526649.75348600,0
1634779260000,4229.67000000,4234.48000000,4226.94000000,4234.37000000,462.28250000,1634779319999,1955365.09946000,1232,277.76830000,1175090.74752000,0
1634779320000,4234.48000000,4241.29000000,4233.88000000,4236.57000000,671.67781000,1634779379999,2846450.34087840,5441,461.43031000,1955583.51894040,0
1634779380000,4236.48000000,4236.86000000,4226.68000000,4226.97000000,345.29820000,1634779439999,1461477.59215900,3878,162.30730000,686926.45072500,0
1634779440000,4227.55000000,4229.55000000,4223.32000000,4224.20000000,523.76600000,1634779499999,2213549.85510900,4253,192.35010000,812888.84433600,0
1634779500000,4223.99000000,4229.12000000,4223.63000000,4226.98000000,323.81920000,1634779559999,1368827.91823400,1321,144.03210000,608838.30541800,0
1634779560000,4226.98000000,4229.30000000,4226.07000000,4226.50000000,261.14870000,1634779619999,1104063.17218600,909,134.80010000,569863.01500400,0
1634779620000,4226.50000000,4231.95000000,4225.00000000,4231.65000000,553.68710000,1634779679999,2340743.34806400,1206,340.58160000,1439877.26251000,0
1634779680000,4231.31000000,4235.15000000,4228.72000000,4229.23000000,779.06290000,1634779739999,3297034.28302600,1255,252.90330000,1070278.01004600,0
1634779740000,4229.51000000,4232.82000000,4227.24000000,4227.25000000,780.66650000,1634779799999,3302465.58883000,1159,479.58520000,2028791.68086400,0
1634779800000,4227.25000000,4234.83000000,4227.24000000,4232.35000000,834.43560000,1634779859999,3531350.32740700,1376,634.45270000,2685049.93571500,0
1634779860000,4232.35000000,4234.90000000,4232.35000000,4233.41000000,230.81900000,1634779919999,977304.19587700,1086,111.87510000,473682.04234400,0
1634779920000,4233.41000000,4236.50000000,4231.23000000,4236.43000000,464.97800000,1634779979999,1969077.14171000,1252,209.80040000,888341.73954400,0
1634779980000,4236.42000000,4241.16000000,4236.21000000,4240.01000000,365.36300000,1634780039999,1548697.80518900,1280,220.38390000,934163.57085600,0
1634780040000,4240.01000000,4240.01000000,4235.07000000,4236.26000000,277.88300000,1634780099999,1177655.79709100,1210,80.41030000,340735.54388400,0
1634780100000,4236.27000000,4237.22000000,4227.25000000,4231.26000000,616.36770000,1634780159999,2608641.66633600,1539,223.62420000,946094.99619000,0
1634780160000,4231.25000000,4237.35000000,4231.25000000,4236.98000000,312.64500000,1634780219999,1324225.43779800,926,154.95550000,656264.02034000,0
1634780220000,4236.98000000,4236.98000000,4230.57000000,4230.61000000,200.32380000,1634780279999,848082.52187300,867,69.19300000,292868.19590400,0
1634780280000,4230.61000000,4232.12000000,4227.24000000,4229.69000000,351.09970000,1634780339999,1485127.68549300,989,120.64850000,510386.79332800,0
1634780340000,4229.69000000,4231.91000000,4199.46000000,4210.97000000,4022.00130000,1634780399999,16955217.16693300,8645,1400.64100000,5904639.84029700,0
1634780400000,4211.31000000,4212.57000000,4204.74000000,4210.43000000,705.81430000,1634780459999,2970692.62950400,4438,323.31330000,1360771.71086100,0
1634780460000,4210.42000000,4210.85000000,4208.00000000,4208.32000000,368.92480000,1634780519999,1552991.31671900,1216,97.98220000,412455.31580800,0
1634780520000,4208.32000000,4215.43000000,4202.92000000,4215.42000000,850.78250000,1634780579999,3579123.96349200,1559,534.43180000,2248085.80627600,0
1634780580000,4215.46000000,4222.37000000,4212.96000000,4214.15000000,469.19970000,1634780639999,1978899.67868600,1405,220.35050000,929461.15109500,0
1634780640000,4214.15000000,4215.93000000,4211.41000000,4212.94000000,156.03900000,1634780699999,657616.13909600,811,75.77160000,319334.58781700,0
1634780700000,4212.93000000,4231.34000000,4212.93000000,4219.25000000,1534.40570000,1634780759999,6481105.25403900,1895,998.28950000,4217020.44361100,0
1634780760000,4219.25000000,4220.52000000,4211.52000000,4212.50000000,305.98920000,1634780819999,1290269.48718400,1035,123.86780000,522371.62942400,0
1634780820000,4212.98000000,4218.00000000,4210.17000000,4217.17000000,1146.70000000,1634780879999,4833473.70233800,1469,677.86420000,2856755.30464600,0
1634780880000,4217.17000000,4219.34000000,4204.39000000,4209.41000000,893.71920000,1634780939999,3762276.68515500,1396,231.21740000,973544.53789400,0
1634780940000,4209.42000000,4214.60000000,4206.16000000,4208.76000000,408.27910000,1634780999999,1718456.68463100,1260,118.61560000,499331.99528400,0
1634781000000,4208.76000000,4210.52000000,4202.75000000,4202.98000000,297.23930000,1634781059999,1250446.15800000,945,62.67570000,263636.06220500,0
1634781060000,4202.80000000,4206.03000000,4200.63000000,4202.01000000,560.55450000,1634781119999,2356087.95778900,1529,248.05200000,1042570.28453400,0
1634781120000,4202.01000000,4202.84000000,4197.80000000,4201.12000000,564.57900000,1634781179999,2371677.02589800,2569,209.31560000,879202.21421600,0
1634781180000,4201.13000000,4201.59000000,4196.27000000,4196.37000000,678.45550000,1634781239999,2849393.49131900,1546,293.47130000,1232525.31717400,0
1634781240000,4196.36000000,4198.74000000,4188.00000000,4197.89000000,1730.88080000,1634781299999,7259189.08168000,3110,996.84050000,4180901.88214900,0
1634781300000,4197.88000000,4207.77000000,4196.86000000,4203.40000000,723.55450000,1634781359999,3040187.68312300,3742,418.79830000,1759391.29410300,0
1634781360000,4203.40000000,4203.57000000,4182.00000000,4186.70000000,839.22350000,1634781419999,3516482.90221700,2148,305.56440000,1280725.38511300,0
1634781420000,4186.84000000,4188.39000000,4168.56000000,4175.95000000,1806.59230000,1634781479999,7549001.66954400,4258,786.11270000,3284450.92538500,0
1634781480000,4175.95000000,4194.99000000,4174.50000000,4193.00000000,630.02250000,1634781539999,2636100.24118500,2043,358.70210000,1501077.35690600,0
1634781540000,4193.12000000,4199.74000000,4192.61000000,4197.09000000,535.34550000,1634781599999,2246562.50003100,1588,218.73510000,917890.72857700,0
1634781600000,4197.10000000,4209.80000000,4197.09000000,4205.54000000,832.58780000,1634781659999,3501275.94874100,1748,583.07270000,2451983.82491300,0
1634781660000,4205.54000000,4206.92000000,4189.00000000,4189.00000000,614.30770000,1634781719999,2580418.07544200,1335,268.14990000,1126580.83794800,0
1634781720000,4189.00000000,4189.00000000,4168.07000000,4169.90000000,1298.90420000,1634781779999,5427383.46047900,10625,473.36690000,1977938.33619600,0
1634781780000,4170.02000000,4172.04000000,4144.20000000,4163.99000000,3189.54200000,1634781839999,13264394.24053900,7503,1189.39130000,4947017.33862300,0
1634781840000,4163.99000000,4184.75000000,4163.98000000,4174.97000000,1412.72260000,1634781899999,5896102.13594100,3002,778.51710000,3248647.00307200,0
1634781900000,4175.00000000,4188.30000000,4172.89000000,4182.41000000,1020.65060000,1634781959999,4269348.05550800,2054,349.60860000,1462039.89076400,0
1634781960000,4182.24000000,4182.39000000,4165.78000000,4175.26000000,1276.34410000,1634782019999,5327689.63302500,2975,502.30700000,2096459.00388000,0
1634782020000,4175.00000000,4188.45000000,4165.93000000,4186.06000000,1203.48340000,1634782079999,5025906.92167800,3232,592.36500000,2475440.75597800,0
1634782080000,4186.05000000,4197.87000000,4183.81000000,4194.32000000,956.54820000,1634782139999,4010388.02173400,2207,660.32990000,2768571.97722100,0
1634782140000,4194.73000000,4199.55000000,4191.57000000,4194.67000000,630.35690000,1634782199999,2644448.24287600,11248,351.81210000,1475898.30466600,0
1634782200000,4194.67000000,4205.00000000,4194.67000000,4205.00000000,672.86710000,1634782259999,2826080.01228600,1701,446.20710000,1874202.63504000,0
1634782260000,4205.00000000,4205.16000000,4196.16000000,4199.01000000,550.02890000,1634782319999,2310281.70426300,1323,252.69690000,1061290.02578800,0
1634782320000,4199.15000000,4200.00000000,4189.00000000,4189.98000000,808.64180000,1634782379999,3391297.59332900,1252,249.19250000,1044835.45528600,0
1634782380000,4189.98000000,4190.82000000,4184.21000000,4190.81000000,550.90050000,1634782439999,2307587.80489200,1060,304.14900000,1274225.47523100,0
1634782440000,4190.82000000,4199.58000000,4188.93000000,4199.57000000,560.13100000,1634782499999,2348911.72310800,803,455.57690000,1910199.84996800,0
1634782500000,4199.57000000,4205.00000000,4195.21000000,4195.82000000,538.58010000,1634782559999,2262557.46955100,1044,282.90040000,1188472.81343000,0
1634782560000,4195.83000000,4204.63000000,4195.10000000,4203.99000000,348.92850000,1634782619999,1465875.23935200,868,196.26160000,824607.73697400,0
1634782620000,4204.00000000,4212.84000000,4200.62000000,4212.42000000,585.54810000,1634782679999,2463247.54201600,1751,303.46070000,1276823.26123200,0
1634782680000,4212.41000000,4214.28000000,4207.11000000,4210.73000000,651.29660000,1634782739999,2742638.03964300,1268,304.68070000,1283013.94171200,0
1634782740000,4210.73000000,4213.07000000,4203.09000000,4208.00000000,304.87530000,1634782799999,1283003.06701100,832,190.79750000,802952.16836600,0
1634782800000,4208.01000000,4209.99000000,4203.02000000,4203.02000000,308.96640000,1634782859999,1299539.18636100,621,163.25240000,686674.73989900,0
1634782860000,4203.02000000,4206.00000000,4200.93000000,4202.37000000,386.87970000,1634782919999,1626154.84832700,707,178.09370000,748565.73810400,0
1634782920000,4202.64000000,4205.35000000,4200.85000000,4204.80000000,268.67060000,1634782979999,1129187.92044800,636,171.43000000,720491.74215600,0
1634782980000,4204.58000000,4208.82000000,4204.03000000,4204.92000000,225.39000000,1634783039999,948136.55449800,643,121.08410000,509322.70674000,0
1634783040000,4204.63000000,4206.81000000,4196.90000000,4198.50000000,740.16580000,1634783099999,3109228.32377800,983,166.67860000,700288.40511000,0
1634783100000,4198.03000000,4198.48000000,4186.64000000,4190.45000000,1026.20920000,1634783159999,4301944.96122400,1449,396.76380000,1662945.73605900,0
1634783160000,4190.45000000,4190.45000000,4184.15000000,4187.76000000,454.99520000,1634783219999,1905188.40259700,954,213.24970000,892891.69924800,0
1634783220000,4187.76000000,4189.99000000,4181.54000000,4182.62000000,296.84150000,1634783279999,1242313.14076000,823,114.72440000,480158.81190900,0
1634783280000,4182.63000000,4187.65000000,4182.62000000,4185.04000000,320.04700000,1634783339999,1339249.77711300,784,170.34700000,712782.60681500,0
1634783340000,4185.05000000,4185.60000000,4172.91000000,4183.05000000,880.86130000,1634783399999,3681897.31308100,1915,414.39350000,1732141.24707300,0
1634783400000,4183.05000000,4188.58000000,4180.01000000,4187.04000000,312.33480000,1634783459999,1307051.60281400,839,157.32900000,658459.93535700,0
1634783460000,4187.04000000,4192.22000000,4186.53000000,4191.66000000,272.22640000,1634783519999,1140416.56444600,749,107.41760000,449988.85569600,0
1634783520000,4191.65000000,4197.46000000,4191.65000000,4194.00000000,259.40730000,1634783579999,1088033.02546600,666,157.08450000,658869.57265700,0
1634783580000,4193.99000000,4193.99000000,4181.06000000,4186.08000000,401.54010000,1634783639999,1680948.63182400,741,193.81670000,811631.61667100,0
1634783640000,4186.19000000,4193.86000000,4183.70000000,4192.04000000,383.55050000,1634783699999,1607017.15187500,775,212.99830000,892555.12948900,0
1634783700000,4192.40000000,4192.43000000,4175.00000000,4175.01000000,1735.46940000,1634783759999,7260623.63335300,1562,1023.26810000,4280622.75003900,0
1634783760000,4175.00000000,4177.94000000,4169.16000000,4172.10000000,685.90520000,1634783819999,2862546.08892000,1451,303.02370000,1264706.50386800,0
1634783820000,4172.10000000,4174.70000000,4168.00000000,4173.59000000,336.32970000,1634783879999,1403095.91997100,984,128.13200000,534571.29448700,0
1634783880000,4173.59000000,4181.21000000,4173.03000000,4179.09000000,487.47100000,1634783939999,2036118.18259100,1040,190.51760000,795707.84232800,0
1634783940000,4179.08000000,4180.57000000,4173.62000000,4179.29000000,290.28330000,1634783999999,1212661.05070200,735,143.95190000,601339.20929200,0
1634784000000,4179.29000000,4181.91000000,4175.89000000,4176.96000000,336.88130000,1634784059999,1408005.26990700,673,152.32530000,636655.93616000,0
1634784060000,4177.23000000,4185.26000000,4174.44000000,4181.41000000,354.54040000,1634784119999,1482061.79997000,797,218.02760000,911390.48275500,0
1634784120000,4181.49000000,4197.28000000,4181.49000000,4196.75000000,530.38690000,1634784179999,2222744.35708000,1262,381.19680000,1597464.27505900,0
1634784180000,4197.19000000,4208.80000000,4194.01000000,4206.77000000,859.93550000,1634784239999,3612997.15379900,2196,542.24360000,2277837.19703000,0
1634784240000,4206.76000000,4208.85000000,4200.73000000,4202.27000000,704.29950000,1634784299999,2962116.75843500,1356,447.42660000,1881917.29839600,0
1634784300000,4202.29000000,4209.70000000,4201.42000000,4203.65000000,494.73190000,1634784359999,2081297.30081300,1033,260.34720000,1095251.06696800,0
1634784360000,4203.03000000,4204.04000000,4196.29000000,4196.95000000,269.29380000,1634784419999,1130984.51141100,741,107.52490000,451592.64701000,0
1634784420000,4196.84000000,4200.00000000,4191.93000000,4196.74000000,498.92190000,1634784479999,2094301.50268800,1029,318.04010000,1335241.73864000,0
1634784480000,4196.74000000,4208.64000000,4194.49000000,4206.38000000,445.73060000,1634784539999,1873226.88546500,1063,222.63960000,935755.70852900,0
1634784540000,4206.02000000,4208.00000000,4202.56000000,4204.46000000,345.91400000,1634784599999,1454923.92257200,858,208.35810000,876374.26536700,0
1634784600000,4204.51000000,4206.89000000,4200.13000000,4200.33000000,211.89940000,1634784659999,890600.62163500,682,70.54640000,296557.16860500,0
1634784660000,4200.96000000,4203.53000000,4197.83000000,4200.13000000,292.60060000,1634784719999,1228845.78233300,782,171.81240000,721491.48704900,0
1634784720000,4200.14000000,4200.67000000,4197.71000000,4198.21000000,269.24930000,1634784779999,1130681.13685100,629,161.71560000,679127.39398300,0
1634784780000,4198.20000000,4201.15000000,4197.76000000,4199.99000000,136.23890000,1634784839999,572104.33024200,428,62.98570000,264490.08429700,0
1634784840000,4199.98000000,4201.77000000,4197.77000000,4201.76000000,115.63570000,1634784899999,485667.63882700,403,68.09430000,285992.48602900,0
1634784900000,4201.76000000,4204.00000000,4200.04000000,4200.36000000,171.80810000,1634784959999,721942.85684300,440,101.57250000,426823.72440000,0
1634784960000,4200.14000000,4200.51000000,4194.06000000,4195.53000000,196.86430000,1634785019999,826256.29302100,550,83.27260000,349465.03562800,0
1634785020000,4195.54000000,4199.00000000,4195.53000000,4196.73000000,138.64780000,1634785079999,581920.65774000,433,48.13030000,201983.78190600,0
1634785080000,4196.72000000,4197.18000000,4189.23000000,4189.77000000,404.95930000,1634785139999,1697936.79203600,888,131.42230000,550950.20110800,0
1634785140000,4189.79000000,4195.74000000,4188.25000000,4195.14000000,258.85320000,1634785199999,1084840.38976900,749,155.16840000,650316.25769600,0
1634785200000,4195.14000000,4195.14000000,4183.05000000,4185.25000000,460.62470000,1634785259999,1929012.14750300,1337,150.58080000,630474.49718000,0
1634785260000,4185.26000000,4188.17000000,4183.44000000,4185.49000000,341.08040000,1634785319999,1427414.18488100,1062,137.66670000,576155.29964200,0
1634785320000,4185.49000000,4193.02000000,4185.49000000,4187.87000000,364.02530000,1634785379999,1525034.73274800,895,189.21170000,792476.33440800,0
1634785380000,4187.78000000,4194.43000000,4185.42000000,4191.85000000,246.07300000,1634785439999,1031383.03427000,791,81.64180000,342221.22361400,0
1634785440000,4191.84000000,4193.04000000,4183.70000000,4186.05000000,250.65960000,1634785499999,1049813.41250800,689,68.70630000,287751.86369300,0
1634785500000,4186.05000000,4186.94000000,4182.04000000,4186.16000000,246.16000000,1634785559999,1029940.17780000,820,83.31940000,348656.26304700,0
1634785560000,4186.17000000,4194.87000000,4184.21000000,4191.09000000,453.22290000,1634785619999,1898732.34894100,1002,245.84040000,1030016.83519700,0
1634785620000,4191.10000000,4191.14000000,4182.91000000,4183.58000000,253.75370000,1634785679999,1062653.88601500,738,158.00750000,661689.02032500,0
1634785680000,4183.58000000,4185.64000000,4181.16000000,4183.58000000,424.52670000,1634785739999,1775614.52048100,911,230.91960000,965790.23681000,0
1634785740000,4183.58000000,4191.22000000,4182.43000000,4183.49000000,228.62190000,1634785799999,957274.34044000,760,131.35310000,549977.62003100,0
1634785800000,4183.50000000,4185.85000000,4179.11000000,4185.84000000,386.75070000,1634785859999,1617433.63496700,1044,113.28690000,473794.36697800,0
1634785860000,4185.85000000,4187.00000000,4179.30000000,4180.28000000,432.77980000,1634785919999,1810129.36459800,978,198.14440000,828580.91672100,0
1634785920000,4180.48000000,4181.00000000,4177.06000000,4177.06000000,216.69530000,1634785979999,905568.00119600,818,86.53900000,361616.38703500,0
1634785980000,4177.02000000,4179.00000000,4174.00000000,4174.60000000,561.34980000,1634786039999,2344067.06941500,1157,281.94680000,1177311.36142300,0
1634786040000,4174.60000000,4176.60000000,4174.01000000,4174.22000000,296.35090000,1634786099999,1237404.78709000,630,120.12340000,501540.78097200,0
1634786100000,4174.23000000,4180.00000000,4170.51000000,4179.03000000,543.18980000,1634786159999,2267639.10319900,1143,253.56750000,1058373.83268100,0
1634786160000,4179.03000000,4179.87000000,4171.61000000,4171.63000000,243.67220000,1634786219999,1017802.27432400,658,107.42150000,448721.96267000,0
1634786220000,4171.63000000,4172.71000000,4165.00000000,4167.04000000,625.85510000,1634786279999,2609138.08378300,1985,233.22960000,972307.78288700,0
1634786280000,4167.81000000,4168.11000000,4160.28000000,4162.28000000,508.82290000,1634786339999,2118779.33558800,2299,304.41050000,1267504.98179000,0
1634786340000,4162.29000000,4163.35000000,4154.11000000,4155.16000000,478.15200000,1634786399999,1987918.61907300,1805,199.97440000,831344.67607000,0
1634786400000,4155.33000000,4160.00000000,4151.41000000,4159.99000000,1108.39730000,1634786459999,4609525.93002400,2089,810.32550000,3370471.63781700,0
1634786460000,4159.99000000,4164.86000000,4158.83000000,4161.58000000,877.19150000,1634786519999,3649891.77383600,1513,574.19230000,2388965.90631700,0
1634786520000,4161.59000000,4167.02000000,4158.23000000,4163.93000000,651.72460000,1634786579999,2712978.51036900,1342,420.62530000,1751072.33438800,0
1634786580000,4164.24000000,4167.93000000,4162.81000000,4163.46000000,453.36410000,1634786639999,1888353.10595700,802,86.43850000,360011.53455600,0
1634786640000,4163.47000000,4166.53000000,4161.17000000,4165.45000000,112.22310000,1634786699999,467288.34516500,565,47.51860000,197852.85087700,0
1634786700000,4165.44000000,4166.81000000,4161.39000000,4161.39000000,217.99790000,1634786759999,907803.56434600,596,113.96820000,474533.16683700,0
1634786760000,4161.39000000,4161.40000000,4151.55000000,4152.31000000,258.06560000,1634786819999,1072636.54013500,833,65.27950000,271295.51523000,0
1634786820000,4152.31000000,4162.46000000,4151.62000000,4161.28000000,402.87290000,1634786879999,1674929.66766400,1043,237.68160000,988272.20457900,0
1634786880000,4161.28000000,4164.10000000,4160.46000000,4162.05000000,302.10170000,1634786939999,1257408.58189000,793,156.60740000,651793.50252600,0
1634786940000,4162.05000000,4162.40000000,4152.48000000,4153.31000000,172.04880000,1634786999999,715073.15369600,744,98.40880000,408964.10128700,0
1634787000000,4153.31000000,4159.23000000,4150.36000000,4150.36000000,473.86980000,1634787059999,1968573.03354900,1380,173.46530000,720640.95416700,0
1634787060000,4150.35000000,4156.98000000,4150.00000000,4156.38000000,1240.57790000,1634787119999,5150192.13585600,1487,278.98220000,1158965.87858100,0
1634787120000,4155.97000000,4163.34000000,4154.65000000,4162.75000000,227.20970000,1634787179999,945344.77236700,853,95.53650000,397534.17148700,0
1634787180000,4162.74000000,4164.99000000,4161.33000000,4164.98000000,355.28390000,1634787239999,1479096.60428200,807,275.75780000,1148004.54181000,0
1634787240000,4164.98000000,4168.55000000,4162.77000000,4165.40000000,467.35480000,1634787299999,1946796.57477200,912,277.77350000,1157084.22140400,0
1634787300000,4165.39000000,4165.72000000,4155.00000000,4160.78000000,300.65080000,1634787359999,1250716.49940200,920,157.85690000,656591.27852200,0
1634787360000,4161.29000000,4162.81000000,4155.28000000,4156.41000000,146.58360000,1634787419999,609691.51817400,558,71.21210000,296200.14914300,0
1634787420000,4156.40000000,4158.33000000,4150.86000000,4150.87000000,200.92100000,1634787479999,834510.28817700,710,62.71900000,260521.23440700,0
1634787480000,4150.86000000,4157.10000000,4145.61000000,4156.53000000,1136.00310000,1634787539999,4714442.54380800,2947,242.99930000,1008436.56631400,0
1634787540000,4156.87000000,4163.18000000,4155.25000000,4161.58000000,400.08930000,1634787599999,1663908.69757200,1069,258.90330000,1076633.73848800,0
1634787600000,4161.57000000,4164.28000000,4158.18000000,4159.51000000,354.33540000,1634787659999,1474519.76421600,768,169.44420000,705081.09905300,0
1634787660000,4159.50000000,4164.40000000,4159.26000000,4163.25000000,277.89250000,1634787719999,1156575.17071700,680,165.57080000,689061.79322500,0
1634787720000,4163.25000000,4166.60000000,4161.47000000,4163.72000000,320.99630000,1634787779999,1336582.01183400,1193,175.91880000,732420.50865600,0
1634787780000,4163.78000000,4172.00000000,4163.78000000,4171.52000000,346.65750000,1634787839999,1444945.02708100,1015,212.12610000,884126.47859000,0
1634787840000,4171.51000000,4177.86000000,4169.64000000,4176.14000000,643.31550000,1634787899999,2684981.67207000,1512,409.71370000,1710079.78552900,0
1634787900000,4176.15000000,4188.00000000,4175.53000000,4183.62000000,930.33800000,1634787959999,3891754.20971000,1943,529.61460000,2215459.78607100,0
1634787960000,4183.64000000,4192.00000000,4183.09000000,4185.68000000,1050.50400000,1634788019999,4398683.10944600,1858,506.52690000,2120848.19520800,0
1634788020000,4185.67000000,4186.86000000,4178.71000000,4181.70000000,234.63810000,1634788079999,981534.15012900,887,142.26060000,595054.30328300,0
1634788080000,4181.70000000,4186.76000000,4181.01000000,4181.26000000,278.58800000,1634788139999,1165323.90366800,688,195.13240000,816172.46659000,0
1634788140000,4181.26000000,4181.66000000,4176.00000000,4178.33000000,210.51890000,1634788199999,879674.24261100,710,98.13090000,410040.74151900,0
1634788200000,4178.33000000,4181.65000000,4176.85000000,4179.39000000,247.26290000,1634788259999,1033350.00344000,705,180.63320000,754908.57290200,0
1634788260000,4179.39000000,4182.04000000,4177.75000000,4178.99000000,212.49010000,1634788319999,888141.16760300,711,104.66660000,437481.16269700,0
1634788320000,4179.00000000,4179.52000000,4174.06000000,4174.29000000,379.53930000,1634788379999,1585195.85276500,818,120.83890000,504662.19308700,0
1634788380000,4174.29000000,4178.83000000,4174.29000000,4178.29000000,232.99330000,1634788439999,973183.94813800,598,103.51510000,432388.32877100,0
1634788440000,4178.28000000,4179.21000000,4176.10000000,4177.59000000,236.70610000,1634788499999,988914.92657300,578,148.06090000,618561.03942800,0
1634788500000,4177.59000000,4179.48000000,4177.00000000,4178.90000000,173.14390000,1634788559999,723449.80133500,527,102.43890000,428031.79238900,0
1634788560000,4178.90000000,4188.62000000,4178.90000000,4187.66000000,432.01780000,1634788619999,1807576.73324600,845,231.45840000,968353.36332100,0
1634788620000,4187.66000000,4191.00000000,4185.13000000,4186.99000000,424.76990000,1634788679999,1778867.17769600,1011,201.24250000,842813.38300000,0
1634788680000,4186.99000000,4193.01000000,4184.96000000,4189.91000000,302.59710000,1634788739999,1267861.81030500,985,166.66190000,698272.95764200,0
1634788740000,4189.84000000,4190.62000000,4184.18000000,4185.82000000,232.61310000,1634788799999,973878.22397200,662,112.02130000,468971.40191000,0
1634788800000,4185.82000000,4186.48000000,4180.45000000,4183.89000000,255.12300000,1634788859999,1067317.24076100,787,106.10920000,443893.23839400,0
1634788860000,4183.89000000,4191.25000000,4181.62000000,4190.62000000,376.79320000,1634788919999,1576826.32564000,831,117.51850000,491999.40976800,0
1634788920000,4190.63000000,4196.88000000,4190.34000000,4192.99000000,522.26620000,1634788979999,2190584.99586400,1377,321.95590000,1350422.07921900,0
1634788980000,4192.98000000,4193.08000000,4177.78000000,4180.86000000,748.14180000,1634789039999,3129952.54302300,1571,212.43980000,888712.84801300,0
1634789040000,4180.85000000,4181.72000000,4177.25000000,4178.62000000,160.77850000,1634789099999,672025.61465000,645,56.84290000,237613.45464500,0
1634789100000,4178.62000000,4180.98000000,4174.55000000,4174.57000000,237.44800000,1634789159999,991905.72907800,894,110.84160000,463019.33945400,0
1634789160000,4174.55000000,4180.61000000,4170.76000000,4178.70000000,398.25660000,1634789219999,1662742.56560300,1000,181.83900000,759267.83529200,0
1634789220000,4178.70000000,4181.55000000,4175.43000000,4175.88000000,132.28490000,1634789279999,552740.96021900,612,56.21460000,234930.82212000,0
1634789280000,4175.87000000,4177.92000000,4174.02000000,4176.45000000,137.90540000,1634789339999,575891.43084300,597,81.59320000,340739.73393500,0
1634789340000,4176.45000000,4181.04000000,4174.42000000,4175.36000000,159.39870000,1634789399999,665952.39567100,721,104.27010000,435676.20788500,0
1634789400000,4175.36000000,4181.35000000,4175.36000000,4180.10000000,219.37890000,1634789459999,916777.54996600,638,138.08810000,577041.02538900,0
1634789460000,4180.10000000,4182.00000000,4178.73000000,4181.69000000,97.75910000,1634789519999,408666.23770400,662,39.64310000,165713.01381200,0
1634789520000,4181.69000000,4181.87000000,4175.84000000,4176.04000000,104.24740000,1634789579999,435615.37356400,489,20.68090000,86420.58346100,0
1634789580000,4176.05000000,4181.46000000,4175.51000000,4180.69000000,126.79130000,1634789639999,529622.51918200,626,62.01970000,259059.46013700,0
1634789640000,4180.69000000,4183.46000000,4177.81000000,4177.82000000,145.52390000,1634789699999,608529.56130800,619,67.30760000,281467.46739200,0
1634789700000,4177.82000000,4177.82000000,4171.55000000,4171.55000000,111.58180000,1634789759999,465763.00423200,620,23.73110000,99057.50518200,0
1634789760000,4171.55000000,4173.66000000,4167.32000000,4170.81000000,289.25290000,1634789819999,1206175.90178600,816,106.54160000,444278.87878900,0
1634789820000,4170.81000000,4173.38000000,4170.07000000,4172.27000000,160.06530000,1634789879999,667741.34111600,658,55.58350000,231862.50896400,0
1634789880000,4172.27000000,4175.32000000,4170.24000000,4173.82000000,138.38330000,1634789939999,577412.89215500,558,64.02660000,267160.65558100,0
1634789940000,4173.51000000,4177.89000000,4172.97000000,4174.89000000,228.64880000,1634789999999,954741.03963400,630,175.69410000,733650.87101000,0
1634790000000,4174.89000000,4174.90000000,4162.00000000,4166.97000000,304.72050000,1634790059999,1269946.35304700,1075,92.23080000,384323.73744400,0
1634790060000,4167.12000000,4169.92000000,4164.77000000,4169.68000000,245.35930000,1634790119999,1022630.18869900,760,124.55820000,519188.34688800,0
1634790120000,4169.26000000,4169.51000000,4163.58000000,4163.59000000,172.70790000,1634790179999,719526.03003400,677,72.26830000,301075.41965700,0
1634790180000,4163.58000000,4164.31000000,4161.29000000,4163.26000000,152.28940000,1634790239999,633986.48412600,710,67.79180000,282235.65660800,0
1634790240000,4163.25000000,4165.55000000,4160.14000000,4165.50000000,297.49060000,1634790299999,1238402.63610300,696,162.36230000,675866.76929700,0
1634790300000,4165.50000000,4166.66000000,4162.01000000,4165.56000000,501.08080000,1634790359999,2086770.11534000,690,362.52810000,1509798.92824300,0
1634790360000,4165.57000000,4165.57000000,4162.39000000,4164.20000000,206.47400000,1634790419999,859802.49224600,591,95.15300000,396207.63754200,0
1634790420000,4164.20000000,4165.00000000,4159.17000000,4161.00000000,438.48980000,1634790479999,1824639.03013700,984,221.43100000,921441.04589100,0
1634790480000,4160.99000000,4164.31000000,4157.08000000,4158.80000000,365.39020000,1634790539999,1520372.61358300,829,211.23090000,879008.98664900,0
1634790540000,4158.79000000,4158.99000000,4155.05000000,4158.79000000,222.29190000,1634790599999,924153.63963600,799,84.66850000,351990.69026300,0
1634790600000,4158.79000000,4162.00000000,4154.83000000,4162.00000000,284.41030000,1634790659999,1182702.02727700,726,136.12860000,566149.27975100,0
1634790660000,4162.00000000,4162.98000000,4159.30000000,4159.30000000,214.81150000,1634790719999,893948.70480500,600,127.78260000,531783.80494800,0
1634790720000,4159.31000000,4159.31000000,4151.01000000,4153.43000000,171.28420000,1634790779999,711623.41706100,833,77.29180000,321082.61913900,0
1634790780000,4153.43000000,4155.14000000,4150.53000000,4151.96000000,265.96570000,1634790839999,1104511.57534600,726,80.84230000,335706.51615300,0
1634790840000,4151.95000000,4159.28000000,4150.67000000,4155.64000000,352.08850000,1634790899999,1462957.08709100,850,199.76220000,830014.93730600,0
1634790900000,4155.63000000,4159.75000000,4154.91000000,4159.68000000,204.50080000,1634790959999,850224.25427400,754,83.78810000,348337.40166800,0
1634790960000,4159.69000000,4162.97000000,4159.68000000,4162.73000000,223.87790000,1634791019999,931545.31763400,629,147.42700000,613438.46771300,0
1634791020000,4162.71000000,4167.00000000,4160.00000000,4166.28000000,228.18030000,1634791079999,950064.67577000,735,148.32120000,617574.33239000,0
1634791080000,4166.28000000,4166.41000000,4160.09000000,4163.49000000,190.93040000,1634791139999,794820.72420900,639,102.13650000,425257.52665500,0
1634791140000,4163.50000000,4166.22000000,4163.28000000,4165.33000000,243.76350000,1634791199999,1015140.34319600,697,106.37830000,442992.84961800,0
1634791200000,4165.33000000,4167.77000000,4164.25000000,4167.72000000,167.24650000,1634791259999,696775.61877500,542,123.03750000,512587.83710500,0
1634791260000,4167.71000000,4168.62000000,4164.60000000,4166.81000000,147.49810000,1634791319999,614567.94308200,703,85.21450000,355033.69324600,0
1634791320000,4166.81000000,4169.82000000,4166.34000000,4169.81000000,213.59630000,1634791379999,890286.11320100,593,111.80310000,466012.16847600,0
1634791380000,4169.81000000,4170.75000000,4168.90000000,4170.29000000,183.93670000,1634791439999,767009.66569700,654,122.16630000,509439.83304400,0
1634791440000,4170.30000000,4170.78000000,4168.89000000,4170.76000000,118.80560000,1634791499999,495434.42848800,507,68.82210000,287009.75813900,0
1634791500000,4170.75000000,4174.52000000,4170.18000000,4173.71000000,171.21160000,1634791559999,714298.78822100,634,109.04130000,454898.93041900,0
1634791560000,4173.72000000,4174.01000000,4170.72000000,4172.59000000,111.72280000,1634791619999,466187.78458100,551,48.38010000,201877.39413700,0
1634791620000,4172.60000000,4174.77000000,4170.32000000,4170.32000000,201.13160000,1634791679999,839312.88689000,752,148.69330000,620514.01208700,0
1634791680000,4170.33000000,4170.70000000,4164.47000000,4164.99000000,447.76230000,1634791739999,1866051.29090200,770,188.83480000,786679.76245900,0
1634791740000,4165.00000000,4165.64000000,4163.77000000,4164.67000000,1386.52630000,1634791799999,5774895.90473800,1103,1236.64790000,5150638.33922600,0
1634791800000,4164.81000000,4164.96000000,4157.08000000,4159.99000000,600.65810000,1634791859999,2498917.70839200,1135,323.94030000,1347529.37660800,0
1634791860000,4159.99000000,4160.00000000,4158.99000000,4158.99000000,511.68370000,1634791919999,2128546.74068000,766,313.02260000,1302155.40133800,0
1634791920000,4159.00000000,4160.00000000,4158.08000000,4159.99000000,357.34770000,1634791979999,1486460.34037500,451,319.41740000,1328686.39906400,0
1634791980000,4159.99000000,4160.00000000,4158.98000000,4159.48000000,224.23240000,1634792039999,932775.87853500,567,150.89210000,627690.22716800,0
1634792040000,4159.47000000,4165.64000000,4159.47000000,4165.63000000,564.33750000,1634792099999,2348005.68085700,850,436.28960000,1815195.81201500,0
1634792100000,4165.63000000,4165.64000000,4161.91000000,4161.92000000,387.07210000,1634792159999,1612157.92296000,622,285.10360000,1187545.34709900,0
1634792160000,4161.91000000,4165.64000000,4161.91000000,4164.45000000,285.26730000,1634792219999,1188138.39176700,601,223.53530000,931052.49584400,0
1634792220000,4164.45000000,4165.64000000,4164.45000000,4165.63000000,255.17210000,1634792279999,1062935.30065400,537,149.38130000,622260.37029700,0
1634792280000,4165.64000000,4174.03000000,4165.34000000,4170.74000000,632.41420000,1634792339999,2635444.26438600,895,497.38870000,2072498.74909500,0
1634792340000,4170.73000000,4172.88000000,4167.18000000,4167.18000000,409.15530000,1634792399999,1706610.08683500,553,259.92140000,1084096.53264100,0
1634792400000,4167.18000000,4167.74000000,4164.72000000,4166.01000000,183.54180000,1634792459999,764676.99828400,428,107.04860000,445978.95218500,0
1634792460000,4165.85000000,4165.85000000,4162.69000000,4163.29000000,228.73190000,1634792519999,952432.98339400,510,142.11510000,591746.62417300,0
1634792520000,4163.28000000,4163.83000000,4160.72000000,4160.73000000,198.75880000,1634792579999,827305.83751300,512,104.00450000,432947.74860200,0
1634792580000,4160.73000000,4163.28000000,4156.17000000,4162.64000000,487.38900000,1634792639999,2027864.63070300,820,214.17520000,891056.37577100,0
1634792640000,4162.63000000,4166.67000000,4160.58000000,4165.68000000,275.32190000,1634792699999,1146579.42565900,500,134.68410000,560767.84954500,0
1634792700000,4165.68000000,4172.73000000,4165.54000000,4172.27000000,214.56160000,1634792759999,894531.71542300,658,137.85460000,574740.08073500,0
1634792760000,4172.28000000,4177.81000000,4170.31000000,4174.61000000,310.08140000,1634792819999,1294394.17949900,823,227.32180000,948868.78085400,0
1634792820000,4174.61000000,4177.88000000,4172.24000000,4176.46000000,334.00300000,1634792879999,1394416.69194000,736,221.53470000,924841.08148800,0
1634792880000,4176.47000000,4178.96000000,4174.19000000,4177.99000000,254.71320000,1634792939999,1063810.36936200,611,172.29200000,719627.08750600,0
1634792940000,4178.00000000,4178.69000000,4175.37000000,4176.49000000,232.00050000,1634792999999,969154.66250700,548,168.61140000,704359.61649300,0
1634793000000,4176.52000000,4178.69000000,4175.55000000,4177.06000000,227.10380000,1634793059999,948636.32683700,605,174.71910000,729790.85964300,0
1634793060000,4176.94000000,4179.10000000,4176.19000000,4178.57000000,273.20660000,1634793119999,1141234.76394900,625,189.52410000,791694.20931000,0
1634793120000,4178.57000000,4183.52000000,4178.57000000,4181.44000000,329.02110000,1634793179999,1375558.79793300,939,195.99700000,819387.08376800,0
1634793180000,4181.44000000,4185.00000000,4181.44000000,4184.46000000,334.31960000,1634793239999,1398561.15608800,788,236.41550000,988980.51229200,0
1634793240000,4184.46000000,4186.45000000,4182.31000000,4183.51000000,431.51860000,1634793299999,1805609.84808500,771,289.41910000,1210982.79176300,0
1634793300000,4183.50000000,4187.07000000,4180.00000000,4180.00000000,343.74800000,1634793359999,1437999.64597900,705,188.20840000,787374.44209500,0
1634793360000,4180.00000000,4181.17000000,4178.43000000,4178.99000000,507.02450000,1634793419999,2119219.32670000,553,267.95110000,1119885.72288700,0
1634793420000,4178.99000000,4179.52000000,4177.06000000,4178.84000000,214.40200000,1634793479999,895866.41628200,524,175.45300000,733103.96361300,0
1634793480000,4178.83000000,4179.46000000,4177.03000000,4178.79000000,128.89290000,1634793539999,538546.35935300,454,72.96290000,304851.45598500,0
1634793540000,4178.77000000,4178.97000000,4177.54000000,4177.83000000,116.84530000,1634793599999,488211.97184200,397,74.06310000,309449.49645200,0
1634793600000,4177.84000000,4179.20000000,4175.69000000,4177.18000000,312.78040000,1634793659999,1306565.86677600,503,195.40350000,816302.17432100,0
1634793660000,4177.17000000,4179.26000000,4175.83000000,4179.26000000,175.84390000,1634793719999,734508.97193800,444,96.28960000,402201.45507300,0
1634793720000,4179.26000000,4185.00000000,4178.00000000,4184.99000000,246.84340000,1634793779999,1032238.79923300,541,165.70690000,692821.70061500,0
1634793780000,4184.98000000,4184.98000000,4181.41000000,4181.55000000,160.51250000,1634793839999,671486.47698300,449,57.54670000,240736.21800000,0
1634793840000,4181.54000000,4182.45000000,4177.86000000,4181.51000000,274.25800000,1634793899999,1146396.53631300,465,127.18030000,531632.64031500,0
1634793900000,4181.51000000,4181.52000000,4173.10000000,4173.92000000,227.75670000,1634793959999,951241.38283200,592,88.46590000,369521.42906700,0
1634793960000,4173.92000000,4178.04000000,4173.27000000,4174.57000000,310.78930000,1634794019999,1297573.56368500,570,231.97220000,968463.36650800,0
1634794020000,4174.57000000,4175.39000000,4173.60000000,4174.19000000,134.31640000,1634794079999,560683.64049700,414,85.46180000,356738.79535400,0
1634794080000,4174.20000000,4176.38000000,4174.19000000,4176.31000000,137.81960000,1634794139999,575453.93508600,423,78.04200000,325838.63437200,0
1634794140000,4176.30000000,4176.38000000,4172.54000000,4175.50000000,287.25960000,1634794199999,1199244.35178000,535,144.11840000,601723.04129100,0
1634794200000,4175.50000000,4177.01000000,4174.59000000,4174.60000000,466.08010000,1634794259999,1946403.55809300,475,294.24180000,1228746.77765700,0
1634794260000,4174.60000000,4175.25000000,4173.38000000,4173.61000000,131.06070000,1634794319999,547089.51354200,359,81.29540000,339353.86748100,0
1634794320000,4173.61000000,4175.09000000,4170.99000000,4172.60000000,349.17740000,1634794379999,1457077.58994800,568,240.00910000,1001579.74031100,0
1634794380000,4172.61000000,4172.99000000,4169.34000000,4170.03000000,407.89570000,1634794439999,1701002.52292500,621,199.61240000,832374.96973300,0
1634794440000,4170.04000000,4173.35000000,4169.61000000,4173.34000000,126.30810000,1634794499999,526762.51392800,403,79.38670000,331072.16425000,0
1634794500000,4173.35000000,4181.94000000,4173.35000000,4181.66000000,217.42610000,1634794559999,908512.38342200,629,167.73340000,700874.44714400,0
1634794560000,4181.65000000,4185.46000000,4177.93000000,4185.14000000,179.97470000,1634794619999,752664.59621400,584,107.66970000,450295.94815700,0
1634794620000,4185.15000000,4185.15000000,4183.50000000,4184.06000000,181.39250000,1634794679999,759025.84219600,514,135.00120000,564897.64530900,0
1634794680000,4184.03000000,4186.00000000,4183.19000000,4183.20000000,274.98450000,1634794739999,1150800.49666100,679,142.22530000,595202.94849400,0
1634794740000,4183.19000000,4183.20000000,4180.01000000,4180.67000000,285.04380000,1634794799999,1191955.64404700,514,164.23870000,686783.34073800,0
1634794800000,4180.67000000,4180.67000000,4174.17000000,4174.83000000,174.61800000,1634794859999,729336.58070600,493,91.71580000,383026.16697700,0
1634794860000,4174.83000000,4177.12000000,4172.11000000,4176.50000000,244.59070000,1634794919999,1021201.48420800,499,139.39850000,582027.67238200,0
1634794920000,4176.50000000,4178.46000000,4175.93000000,4178.45000000,142.85970000,1634794979999,596745.08116400,380,113.15750000,472665.08550300,0
1634794980000,4178.45000000,4183.18000000,4177.21000000,4181.41000000,143.34430000,1634795039999,599291.96088800,464,97.47460000,407525.09616300,0
1634795040000,4181.41000000,4181.41000000,4176.73000000,4179.11000000,132.65780000,1634795099999,554326.62409500,456,85.01930000,355264.45045000,0
1634795100000,4179.15000000,4179.15000000,4176.50000000,4176.51000000,171.37380000,1634795159999,715915.16969400,416,78.39590000,327471.12976300,0
1634795160000,4176.51000000,4180.00000000,4175.00000000,4179.77000000,203.39160000,1634795219999,849592.97779900,548,125.21500000,523000.81041800,0
1634795220000,4179.76000000,4185.26000000,4179.41000000,4185.08000000,263.98630000,1634795279999,1104245.08922800,614,186.65580000,780794.67895200,0
1634795280000,4185.07000000,4185.08000000,4181.51000000,4182.40000000,272.29090000,1634795339999,1138988.61223300,464,195.12990000,816151.87730700,0
1634795340000,4182.40000000,4183.19000000,4180.52000000,4180.74000000,172.19620000,1634795399999,720229.14912500,436,61.82880000,258609.68633700,0
1634795400000,4180.74000000,4184.46000000,4178.18000000,4184.45000000,132.96490000,1634795459999,555875.20434000,466,97.87280000,409166.62441000,0
1634795460000,4184.45000000,4184.46000000,4182.13000000,4183.99000000,147.79590000,1634795519999,618208.35506300,415,87.57510000,366296.94201000,0
1634795520000,4184.00000000,4185.99000000,4183.70000000,4185.94000000,130.71390000,1634795579999,546997.50807200,475,92.33390000,386365.86174500,0
1634795580000,4185.94000000,4187.49000000,4184.01000000,4186.28000000,293.46240000,1634795639999,1228375.55254300,605,145.37440000,608477.45282300,0
1634795640000,4186.27000000,4186.28000000,4180.32000000,4181.93000000,167.60000000,1634795699999,700934.13111800,618,110.62250000,462606.44314900,0
1634795700000,4181.93000000,4181.94000000,4180.00000000,4181.79000000,117.09200000,1634795759999,489600.99404600,403,68.43620000,286157.08835200,0
1634795760000,4181.79000000,4186.27000000,4181.79000000,4186.26000000,139.95580000,1634795819999,585604.34792900,471,96.40280000,403366.21218800,0
1634795820000,4186.26000000,4186.60000000,4179.03000000,4179.37000000,204.86170000,1634795879999,857083.54424800,535,99.29590000,415458.46216200,0
1634795880000,4179.36000000,4180.97000000,4175.10000000,4179.33000000,176.86150000,1634795939999,738921.66037500,709,92.85570000,387967.02534500,0
1634795940000,4179.33000000,4179.34000000,4175.99000000,4176.48000000,160.73850000,1634795999999,671399.08991700,458,107.57810000,449343.42213500,0
1634796000000,4176.47000000,4177.74000000,4175.00000000,4175.42000000,170.54440000,1634796059999,712233.74129800,528,91.81940000,383448.43692600,0
1634796060000,4175.43000000,4175.99000000,4170.00000000,4171.99000000,598.07290000,1634796119999,2495377.99953700,959,127.95040000,533843.07786600,0
1634796120000,4172.00000000,4179.28000000,4171.99000000,4178.49000000,189.44560000,1634796179999,791019.10295000,609,113.60130000,474369.61002000,0
1634796180000,4178.49000000,4181.48000000,4178.49000000,4180.98000000,317.21750000,1634796239999,1325954.69199000,594,163.75720000,684480.29908900,0
1634796240000,4180.98000000,4180.98000000,4179.04000000,4179.20000000,76.65080000,1634796299999,320421.20228600,353,33.81100000,141339.64699300,0
1634796300000,4179.21000000,4182.19000000,4178.87000000,4182.15000000,123.41570000,1634796359999,515891.28985400,493,73.62630000,307779.15501500,0
1634796360000,4182.15000000,4183.99000000,4181.41000000,4181.78000000,174.86190000,1634796419999,731429.81683900,486,66.69450000,278980.77184900,0
1634796420000,4181.77000000,4185.02000000,4179.02000000,4183.75000000,177.85920000,1634796479999,743916.95659300,581,95.92840000,401253.86243900,0
1634796480000,4183.74000000,4185.19000000,4175.78000000,4176.65000000,208.94230000,1634796539999,873649.58602300,616,75.50090000,315720.21411200,0
1634796540000,4176.66000000,4180.79000000,4175.00000000,4180.65000000,184.61950000,1634796599999,771226.79528100,491,101.29640000,423203.11114300,0
1634796600000,4180.65000000,4181.83000000,4171.00000000,4173.90000000,190.22050000,1634796659999,794224.75844500,621,71.85710000,300000.67663000,0
1634796660000,4173.90000000,4174.97000000,4162.00000000,4164.04000000,458.60410000,1634796719999,1910595.24194400,1119,166.76140000,694721.41821300,0
1634796720000,4164.04000000,4170.05000000,4162.89000000,4166.47000000,265.87410000,1634796779999,1107814.11960900,744,109.10850000,454631.71733500,0
1634796780000,4166.47000000,4170.73000000,4166.31000000,4168.03000000,284.93000000,1634796839999,1187827.11903900,611,190.82600000,795539.36667100,0
1634796840000,4168.04000000,4170.12000000,4165.30000000,4165.30000000,224.44760000,1634796899999,935416.53343500,536,99.77810000,415902.84564400,0
1634796900000,4165.30000000,4171.17000000,4164.27000000,4170.72000000,267.56910000,1634796959999,1115155.64415400,689,126.88680000,528742.13068600,0
1634796960000,4170.73000000,4172.58000000,4168.06000000,4169.40000000,237.19660000,1634797019999,989116.75704900,581,90.38030000,376853.01728700,0
1634797020000,4169.40000000,4174.11000000,4169.31000000,4170.31000000,178.33880000,1634797079999,743905.34438200,560,85.72870000,357578.33945400,0
1634797080000,4170.30000000,4171.49000000,4168.50000000,4169.91000000,115.85090000,1634797139999,483093.96885500,376,51.89270000,216391.83276600,0
1634797140000,4169.92000000,4170.00000000,4165.10000000,4165.58000000,194.69300000,1634797199999,811558.63044300,486,70.51950000,293912.84067900,0
1634797200000,4165.66000000,4167.15000000,4161.87000000,4165.50000000,159.98230000,1634797259999,666268.22806200,534,75.68990000,315210.58024700,0
1634797260000,4165.51000000,4168.00000000,4163.47000000,4163.93000000,142.99280000,1634797319999,595638.21186100,439,61.22530000,255032.52962300,0
1634797320000,4163.99000000,4164.58000000,4160.02000000,4160.02000000,384.70750000,1634797379999,1601318.83489400,674,155.64720000,647921.77611400,0
1634797380000,4161.00000000,4162.89000000,4157.44000000,4159.09000000,619.50630000,1634797439999,2577297.01321800,984,304.73510000,1267849.75663600,0
1634797440000,4159.05000000,4161.77000000,4157.42000000,4158.84000000,261.71590000,1634797499999,1088678.43277700,655,107.71870000,448066.97331200,0
1634797500000,4158.84000000,4161.94000000,4156.13000000,4159.11000000,284.55560000,1634797559999,1183427.46459600,947,149.99910000,623723.14099800,0
1634797560000,4159.27000000,4159.84000000,4150.19000000,4158.27000000,736.42120000,1634797619999,3059174.72767300,1456,327.53620000,1360850.59935400,0
1634797620000,4158.26000000,4162.80000000,4157.21000000,4162.80000000,490.65950000,1634797679999,2041111.44372200,798,223.37840000,929129.59461900,0
1634797680000,4162.79000000,4170.72000000,4162.79000000,4169.64000000,460.95360000,1634797739999,1920726.88685100,886,309.83220000,1291122.66216300,0
1634797740000,4169.64000000,4169.65000000,4163.42000000,4163.63000000,158.80650000,1634797799999,661544.22852300,503,56.89800000,237010.11118700,0
1634797800000,4163.62000000,4163.67000000,4154.86000000,4154.86000000,237.59730000,1634797859999,988175.48534300,592,87.72340000,364869.92232300,0
1634797860000,4154.86000000,4161.45000000,4153.80000000,4159.90000000,302.69270000,1634797919999,1258631.48471300,688,181.86650000,756133.37440100,0
1634797920000,4159.90000000,4164.18000000,4158.27000000,4164.17000000,337.81840000,1634797979999,1405571.47600000,567,121.15530000,504208.42495400,0
1634797980000,4164.17000000,4167.39000000,4162.54000000,4166.87000000,320.42290000,1634798039999,1334605.61883900,730,161.99640000,674740.66285100,0
1634798040000,4166.87000000,4167.96000000,4160.26000000,4161.86000000,233.57340000,1634798099999,972820.24536000,522,82.37080000,343095.59565200,0
1634798100000,4161.85000000,4162.39000000,4154.81000000,4156.70000000,218.80710000,1634798159999,909731.66347600,606,54.98230000,228602.33030200,0
1634798160000,4156.70000000,4157.62000000,4154.80000000,4154.80000000,118.60290000,1634798219999,492956.94131000,388,30.99000000,128812.59072400,0
1634798220000,4154.80000000,4157.13000000,4153.00000000,4157.00000000,173.23320000,1634798279999,719769.27338300,493,66.62220000,276793.95405200,0
1634798280000,4156.99000000,4157.62000000,4154.00000000,4155.67000000,224.89970000,1634798339999,934800.67712100,456,120.10320000,499250.01377600,0
1634798340000,4155.67000000,4160.79000000,4153.00000000,4160.17000000,268.39290000,1634798399999,1115578.32728400,607,137.59320000,572010.63201600,0
1634798400000,4160.16000000,4161.54000000,4153.86000000,4153.87000000,196.85300000,1634798459999,818469.37166500,573,79.04410000,328648.40280300,0
1634798460000,4153.86000000,4154.28000000,4151.47000000,4152.48000000,204.24690000,1634798519999,848203.63172000,609,81.83900000,339875.10987100,0
1634798520000,4152.49000000,4152.49000000,4150.00000000,4150.48000000,815.58440000,1634798579999,3384911.90106900,1110,162.79170000,675670.89941200,0
1634798580000,4150.49000000,4151.69000000,4120.01000000,4133.49000000,6246.39700000,1634798639999,25857130.59826900,10014,1190.96970000,4922278.41237600,0
1634798640000,4133.50000000,4143.92000000,4130.40000000,4138.24000000,1494.24850000,1634798699999,6183726.38040700,16870,596.38970000,2467776.52018600,0
1634798700000,4138.24000000,4140.87000000,4131.02000000,4140.87000000,1167.17190000,1634798759999,4828054.27795000,3004,615.56820000,2546075.50875700,0
1634798760000,4140.86000000,4151.99000000,4140.86000000,4151.35000000,858.04880000,1634798819999,3559385.08269600,1377,434.06920000,1800659.13980000,0
1634798820000,4151.35000000,4156.24000000,4148.69000000,4151.20000000,394.59760000,1634798879999,1638715.03506000,844,164.18190000,682010.80550600,0
1634798880000,4150.50000000,4153.79000000,4146.35000000,4147.47000000,235.37390000,1634798939999,976835.86700800,678,88.23980000,366169.86837600,0
1634798940000,4147.04000000,4148.96000000,4142.29000000,4146.56000000,179.81140000,1634798999999,745469.73987000,606,109.30510000,453113.72279700,0
1634799000000,4146.56000000,4146.56000000,4138.42000000,4138.42000000,196.63090000,1634799059999,814402.12061500,624,63.73480000,263988.59845300,0
1634799060000,4138.42000000,4142.18000000,4138.42000000,4139.30000000,214.60360000,1634799119999,888507.64077400,550,106.07280000,439161.41025600,0
1634799120000,4139.30000000,4141.79000000,4136.15000000,4141.34000000,218.08620000,1634799179999,902501.15727100,683,93.13610000,385411.82851500,0
1634799180000,4141.35000000,4156.12000000,4141.34000000,4154.79000000,678.67340000,1634799239999,2816288.38271400,898,406.90810000,1688415.82193000,0
1634799240000,4154.78000000,4155.00000000,4150.00000000,4151.13000000,346.57870000,1634799299999,1439049.61605000,617,160.03780000,664559.51559700,0
1634799300000,4150.82000000,4153.14000000,4150.00000000,4150.00000000,264.30370000,1634799359999,1097104.11606600,476,107.38830000,445794.00427000,0
1634799360000,4150.01000000,4154.00000000,4150.00000000,4152.07000000,328.02450000,1634799419999,1361765.18679200,532,203.07270000,843072.42400000,0
1634799420000,4152.24000000,4154.78000000,4151.58000000,4152.07000000,167.85060000,1634799479999,697145.82628100,472,113.17060000,470022.79703100,0
1634799480000,4152.07000000,4160.00000000,4152.06000000,4160.00000000,215.12500000,1634799539999,894014.06527000,773,105.11840000,436843.68986500,0
1634799540000,4159.99000000,4159.99000000,4155.00000000,4157.13000000,174.29210000,1634799599999,724665.80755300,464,59.30450000,246552.97503900,0
1634799600000,4157.14000000,4158.42000000,4152.74000000,4155.22000000,395.47480000,1634799659999,1643432.14725400,659,164.56750000,683941.08374700,0
1634799660000,4155.23000000,4156.90000000,4151.21000000,4151.43000000,251.47300000,1634799719999,1044786.79924800,546,101.71040000,422532.13802800,0
1634799720000,4151.43000000,4154.47000000,4150.00000000,4150.00000000,293.70500000,1634799779999,1219319.11398800,562,85.90600000,356700.96805700,0
1634799780000,4150.01000000,4154.26000000,4150.00000000,4154.26000000,356.76030000,1634799839999,1480682.09852500,475,100.24890000,416116.17530000,0
1634799840000,4154.26000000,4156.63000000,4151.81000000,4155.03000000,184.39130000,1634799899999,766029.29333500,444,91.56350000,380400.81556500,0
1634799900000,4155.03000000,4155.03000000,4150.22000000,4150.66000000,136.62790000,1634799959999,567375.48866600,434,65.01710000,269971.66231300,0
1634799960000,4150.66000000,4151.12000000,4148.00000000,4148.68000000,812.38560000,1634800019999,3371173.44445100,858,248.83420000,1032423.07649900,0
1634800020000,4148.69000000,4148.69000000,4145.03000000,4145.30000000,183.66110000,1634800079999,761488.42723800,534,102.56170000,425220.83983500,0
1634800080000,4145.29000000,4145.69000000,4143.00000000,4144.09000000,225.98320000,1634800139999,936576.09934600,530,113.22020000,469229.70015200,0
1634800140000,4143.81000000,4145.07000000,4140.00000000,4140.81000000,330.52520000,1634800199999,1369321.17768200,710,165.62820000,686183.54663200,0
1634800200000,4140.81000000,4145.00000000,4140.00000000,4142.65000000,361.64120000,1634800259999,1497703.43534900,611,116.45800000,482301.33261400,0
1634800260000,4142.65000000,4146.51000000,4140.00000000,4146.51000000,337.81230000,1634800319999,1399751.46372500,721,235.37530000,975358.58320400,0
1634800320000,4146.50000000,4146.99000000,4145.94000000,4146.98000000,146.43500000,1634800379999,607209.33997500,445,55.83710000,231535.12486100,0
1634800380000,4146.98000000,4148.11000000,4146.97000000,4147.86000000,130.36240000,1634800439999,540664.73188700,487,68.77890000,285248.25109500,0
1634800440000,4147.85000000,4149.55000000,4146.00000000,4148.56000000,180.66370000,1634800499999,749298.94753400,556,73.53800000,305016.87504300,0
1634800500000,4148.56000000,4153.50000000,4148.11000000,4149.53000000,289.12630000,1634800559999,1200060.87256700,708,179.79820000,746253.45569000,0
1634800560000,4149.38000000,4155.00000000,4149.38000000,4154.00000000,374.73780000,1634800619999,1556288.14983100,636,165.62130000,687783.62353700,0
1634800620000,4153.99000000,4154.28000000,4150.14000000,4153.06000000,228.72100000,1634800679999,949759.00378600,482,79.29600000,329256.59489500,0
1634800680000,4153.06000000,4154.31000000,4149.43000000,4153.15000000,234.01200000,1634800739999,971634.88889200,511,136.22950000,565632.79086400,0
1634800740000,4153.15000000,4154.86000000,4153.14000000,4154.33000000,109.68190000,1634800799999,455607.79090500,350,70.54980000,293061.18947800,0
1634800800000,4154.33000000,4157.91000000,4154.33000000,4157.12000000,292.83800000,1634800859999,1216927.20441200,550,210.49040000,874700.88481300,0
1634800860000,4157.11000000,4162.30000000,4156.72000000,4159.85000000,409.30620000,1634800919999,1702808.84287800,798,211.39380000,879466.90491300,0
1634800920000,4159.85000000,4164.28000000,4157.87000000,4162.36000000,391.40510000,1634800979999,1628566.22807500,867,194.26970000,808489.53384100,0
1634800980000,4162.36000000,4162.57000000,4156.93000000,4157.41000000,94.81460000,1634801039999,394487.94016100,342,35.95230000,149554.14392700,0
1634801040000,4157.42000000,4162.99000000,4156.56000000,4157.50000000,223.91270000,1634801099999,931460.84340800,590,90.34360000,375830.98328700,0
1634801100000,4157.59000000,4159.63000000,4155.00000000,4158.48000000,252.80580000,1634801159999,1051025.28974500,619,137.66290000,572322.04890300,0
1634801160000,4158.47000000,4160.71000000,4157.02000000,4160.08000000,125.55600000,1634801219999,522224.39683100,444,64.54210000,268467.08099500,0
1634801220000,4160.08000000,4164.99000000,4159.22000000,4164.86000000,269.44050000,1634801279999,1121313.95000900,651,157.55490000,655655.65292000,0
1634801280000,4164.87000000,4165.81000000,4163.09000000,4164.16000000,150.94580000,1634801339999,628627.00451600,545,93.88430000,390990.30937700,0
1634801340000,4164.16000000,4167.87000000,4163.40000000,4166.28000000,247.10290000,1634801399999,1029404.09517000,612,178.57250000,743897.08603700,0
1634801400000,4166.28000000,4167.00000000,4163.09000000,4165.85000000,358.23600000,1634801459999,1492076.28137900,741,177.33150000,738562.13723600,0
1634801460000,4165.86000000,4168.39000000,4165.72000000,4167.70000000,236.27890000,1634801519999,984521.28521600,607,146.86640000,611973.71565000,0
1634801520000,4167.69000000,4168.42000000,4166.15000000,4166.15000000,193.27010000,1634801579999,805468.75996500,515,85.24780000,355287.52761100,0
1634801580000,4165.99000000,4167.88000000,4165.00000000,4167.81000000,211.17330000,1634801639999,879676.68848500,425,110.46660000,460177.14357100,0
1634801640000,4167.80000000,4169.00000000,4165.00000000,4165.71000000,171.15740000,1634801699999,713295.07016500,554,85.99660000,358391.17053300,0
1634801700000,4165.72000000,4167.10000000,4165.01000000,4165.01000000,162.71660000,1634801759999,677888.02652900,383,84.70220000,352871.04166700,0
1634801760000,4165.01000000,4167.81000000,4163.11000000,4167.49000000,260.52610000,1634801819999,1085073.23316300,491,106.62130000,444057.57064500,0
1634801820000,4167.49000000,4172.00000000,4167.41000000,4170.00000000,254.02450000,1634801879999,1059221.95992300,746,172.87170000,720814.18973000,0
1634801880000,4170.01000000,4170.42000000,4167.58000000,4168.39000000,152.53060000,1634801939999,635833.24593000,438,70.08510000,292156.77340100,0
1634801940000,4168.39000000,4170.10000000,4166.88000000,4168.46000000,117.08390000,1634801999999,488049.18025700,422,56.19550000,234238.90223700,0
1634802000000,4168.46000000,4170.10000000,4165.49000000,4170.09000000,182.47570000,1634802059999,760550.55364600,484,72.56010000,302427.35029400,0
1634802060000,4170.09000000,4172.00000000,4167.83000000,4170.77000000,129.42510000,1634802119999,539749.65951700,478,78.83740000,328790.36306300,0
1634802120000,4170.76000000,4171.64000000,4166.02000000,4166.57000000,138.92130000,1634802179999,579060.50607200,503,53.50690000,223036.09990200,0
1634802180000,4166.57000000,4169.44000000,4165.57000000,4169.24000000,150.82730000,1634802239999,628542.63211300,489,68.17380000,284128.74230700,0
1634802240000,4169.23000000,4170.26000000,4166.56000000,4168.27000000,194.93720000,1634802299999,812692.21141900,436,114.40000000,476969.09629700,0
1634802300000,4168.28000000,4169.68000000,4165.84000000,4168.02000000,348.50980000,1634802359999,1452565.65151400,596,216.26340000,901311.27722100,0
1634802360000,4167.96000000,4171.50000000,4166.67000000,4167.16000000,216.98340000,1634802419999,904698.29288600,529,101.47640000,423061.75717600,0
1634802420000,4167.17000000,4167.17000000,4163.19000000,4164.96000000,187.26700000,1634802479999,779960.44899800,509,54.42770000,226685.53965800,0
1634802480000,4164.99000000,4165.13000000,4163.23000000,4163.25000000,113.73220000,1634802539999,473620.81790800,382,47.49290000,197763.34649800,0
1634802540000,4163.27000000,4166.37000000,4163.26000000,4165.70000000,108.00590000,1634802599999,449849.38483300,399,53.78040000,224008.18035300,0
1634802600000,4165.79000000,4168.49000000,4164.64000000,4164.65000000,152.90230000,1634802659999,637087.06267400,441,57.87740000,241132.37696100,0
1634802660000,4164.78000000,4164.81000000,4160.64000000,4160.65000000,138.05740000,1634802719999,574686.06509700,557,34.16370000,142207.90799400,0
1634802720000,4160.65000000,4162.47000000,4158.87000000,4160.96000000,247.73390000,1634802779999,1030659.27077800,584,121.26650000,504525.77759200,0
1634802780000,4160.95000000,4165.00000000,4160.95000000,4163.31000000,165.19320000,1634802839999,687744.70677000,384,75.35380000,313716.61499500,0
1634802840000,4163.40000000,4164.54000000,4160.23000000,4161.25000000,147.94630000,1634802899999,615824.49413000,449,62.45810000,259995.15345500,0
1634802900000,4160.92000000,4163.10000000,4159.56000000,4162.53000000,155.81190000,1634802959999,648374.71412100,450,59.50500000,247609.69780900,0
1634802960000,4162.54000000,4166.00000000,4162.53000000,4164.88000000,243.21440000,1634803019999,1012884.12910200,530,133.69460000,556781.06077300,0
1634803020000,4164.87000000,4169.06000000,4161.69000000,4168.11000000,196.04380000,1634803079999,816649.36291400,526,96.57310000,402306.21738200,0
1634803080000,4168.11000000,4169.57000000,4165.18000000,4169.27000000,278.76190000,1634803139999,1161737.13670700,671,112.92100000,470552.78535000,0
1634803140000,4169.28000000,4169.28000000,4161.06000000,4162.55000000,195.90240000,1634803199999,815844.57445900,598,78.97900000,328978.70810700,0
1634803200000,4162.54000000,4168.62000000,4158.71000000,4168.11000000,289.36170000,1634803259999,1204538.99435000,813,163.39920000,680237.34218900,0
1634803260000,4168.11000000,4168.84000000,4163.26000000,4164.45000000,240.62250000,1634803319999,1002323.22894700,687,140.30190000,584394.26774800,0
1634803320000,4164.71000000,4171.62000000,4163.33000000,4171.20000000,422.42660000,1634803379999,1760363.89740800,975,226.00280000,941892.68895300,0
1634803380000,4171.02000000,4172.97000000,4165.33000000,4165.33000000,403.27120000,1634803439999,1681981.94812000,870,203.81330000,850100.67542600,0
1634803440000,4165.38000000,4166.43000000,4163.32000000,4165.16000000,223.32490000,1634803499999,930091.17576000,625,100.64950000,419172.25947800,0
1634803500000,4165.17000000,4169.05000000,4164.00000000,4168.33000000,367.05140000,1634803559999,1528972.33969100,662,172.54060000,718763.54197200,0
1634803560000,4168.33000000,4170.55000000,4166.41000000,4167.58000000,280.09000000,1634803619999,1167538.25688700,724,148.00570000,616976.50404500,0
1634803620000,4167.57000000,4171.98000000,4167.57000000,4171.70000000,167.27080000,1634803679999,697517.92267500,479,119.50490000,498349.78956900,0
1634803680000,4171.70000000,4175.94000000,4167.81000000,4174.10000000,476.64090000,1634803739999,1988849.65227100,1010,250.86500000,1046878.57524000,0
1634803740000,4174.09000000,4174.98000000,4171.80000000,4173.12000000,198.67480000,1634803799999,829069.83252000,549,105.62620000,440787.90514200,0
1634803800000,4173.12000000,4174.27000000,4172.01000000,4172.80000000,151.94120000,1634803859999,634081.74622100,491,92.21980000,384846.19224000,0
1634803860000,4172.81000000,4176.99000000,4172.80000000,4176.88000000,177.06200000,1634803919999,739246.22316900,597,101.15830000,422321.72025100,0
1634803920000,4176.88000000,4180.65000000,4176.13000000,4178.15000000,389.56250000,1634803979999,1627662.78684400,926,218.06460000,911182.93000400,0
1634803980000,4178.16000000,4180.97000000,4177.01000000,4179.47000000,225.08280000,1634804039999,940539.54618500,500,129.45860000,540909.58585400,0
1634804040000,4179.47000000,4184.56000000,4177.37000000,4182.65000000,498.34330000,1634804099999,2084231.87673100,924,240.77380000,1006973.58072800,0
1634804100000,4182.65000000,4182.86000000,4180.56000000,4181.92000000,285.00780000,1634804159999,1191677.23005500,509,141.15350000,590205.40930000,0
1634804160000,4181.91000000,4182.99000000,4179.27000000,4179.27000000,193.64830000,1634804219999,809749.89571100,626,101.48800000,424397.49019000,0
1634804220000,4179.27000000,4184.28000000,4179.00000000,4184.05000000,205.04260000,1634804279999,857365.22322400,555,137.70940000,575802.16150700,0
1634804280000,4184.17000000,4185.45000000,4180.02000000,4180.28000000,411.25880000,1634804339999,1720269.46365000,942,225.86500000,944744.41749000,0
1634804340000,4180.28000000,4180.28000000,4174.97000000,4176.39000000,516.85310000,1634804399999,2159476.56779900,1149,160.03450000,668574.92114700,0
1634804400000,4176.38000000,4177.38000000,4174.52000000,4176.93000000,134.21250000,1634804459999,560488.96516700,517,71.70140000,299437.57905600,0
1634804460000,4176.94000000,4182.29000000,4176.01000000,4182.27000000,210.09620000,1634804519999,877928.32254100,579,134.61300000,562556.86993200,0
1634804520000,4182.28000000,4182.28000000,4177.19000000,4178.00000000,134.92400000,1634804579999,563843.26458500,500,77.37100000,323326.33404300,0
1634804580000,4178.00000000,4182.68000000,4177.82000000,4179.03000000,288.66030000,1634804639999,1206669.95815400,602,150.57230000,629440.89797500,0
1634804640000,4179.04000000,4179.04000000,4177.08000000,4177.94000000,80.26240000,1634804699999,335315.96989800,353,52.92520000,221107.50090700,0
1634804700000,4177.95000000,4179.99000000,4177.45000000,4179.98000000,260.15050000,1634804759999,1087242.21407700,502,119.08880000,497704.97602000,0
1634804760000,4179.98000000,4185.00000000,4179.74000000,4182.26000000,743.57060000,1634804819999,3109496.64416400,691,564.50700000,2360584.60103500,0
1634804820000,4182.26000000,4182.61000000,4180.00000000,4180.68000000,202.52790000,1634804879999,846780.75227100,520,120.30970000,503022.87446600,0
1634804880000,4180.68000000,4180.69000000,4178.21000000,4178.53000000,506.44080000,1634804939999,2116871.67699700,570,60.75230000,253928.20070900,0
1634804940000,4178.52000000,4180.98000000,4177.00000000,4179.68000000,402.87210000,1634804999999,1683359.78624600,743,244.01380000,1019546.51730300,0
1634805000000,4179.69000000,4185.92000000,4179.69000000,4185.40000000,195.12710000,1634805059999,816344.52161300,660,121.22340000,507124.81224900,0
1634805060000,4185.40000000,4186.00000000,4182.76000000,4183.00000000,186.90450000,1634805119999,782055.07860400,626,96.99740000,405835.31988600,0
1634805120000,4183.00000000,4183.00000000,4180.12000000,4183.00000000,197.41480000,1634805179999,825499.08781500,622,112.01970000,468394.28527900,0
1634805180000,4183.00000000,4185.06000000,4182.62000000,4184.45000000,260.95070000,1634805239999,1091831.39357600,660,139.21000000,582429.56224600,0
1634805240000,4184.46000000,4186.20000000,4184.17000000,4186.03000000,193.34120000,1634805299999,809182.62316000,646,109.23370000,457164.34589800,0
1634805300000,4186.03000000,4191.45000000,4185.12000000,4188.36000000,625.79350000,1634805359999,2621187.71057100,1465,416.49980000,1744532.29367200,0
1634805360000,4188.35000000,4199.00000000,4188.35000000,4198.60000000,843.75080000,1634805419999,3538666.30585500,1969,551.23050000,2311790.02510400,0
1634805420000,4198.61000000,4198.61000000,4190.00000000,4190.02000000,450.47560000,1634805479999,1889186.82043600,2586,245.69280000,1030381.42933500,0
1634805480000,4190.03000000,4190.21000000,4190.00000000,4190.01000000,688.35780000,1634805539999,2884228.47189700,865,79.99120000,335168.76392600,0
1634805540000,4190.00000000,4192.51000000,4188.20000000,4188.64000000,343.17960000,1634805599999,1437905.24533700,763,191.45860000,802201.29175100,0
1634805600000,4188.64000000,4193.91000000,4188.63000000,4192.95000000,247.42340000,1634805659999,1037185.71131300,558,144.01480000,603700.89742100,0
1634805660000,4193.06000000,4197.44000000,4193.06000000,4194.47000000,323.19970000,1634805719999,1355976.57011600,677,184.92360000,775856.46804700,0
1634805720000,4194.48000000,4197.29000000,4193.29000000,4194.34000000,395.51780000,1634805779999,1659242.54029000,686,172.75420000,724760.50865200,0
1634805780000,4194.33000000,4194.50000000,4191.45000000,4192.43000000,173.06230000,1634805839999,725639.11339900,581,89.61790000,375758.32334700,0
1634805840000,4192.43000000,4199.99000000,4192.43000000,4197.29000000,753.03210000,1634805899999,3159818.14978200,1255,525.90040000,2206636.71848200,0
1634805900000,4197.30000000,4199.50000000,4195.00000000,4196.06000000,627.39030000,1634805959999,2633205.92513500,945,215.41230000,904115.71483200,0
1634805960000,4196.06000000,4202.18000000,4193.34000000,4199.32000000,948.90270000,1634806019999,3984578.08476300,2584,695.91930000,2922451.51542600,0
1634806020000,4199.31000000,4202.24000000,4199.22000000,4201.45000000,421.59180000,1634806079999,1771013.98381000,898,232.53150000,976814.47329800,0
1634806080000,4201.45000000,4202.18000000,4195.00000000,4195.00000000,389.24840000,1634806139999,1634820.53200100,951,80.32880000,337358.87360800,0
1634806140000,4195.01000000,4196.94000000,4194.04000000,4196.76000000,150.18540000,1634806199999,630022.89855300,587,90.24490000,378575.05571700,0
1634806200000,4196.75000000,4199.39000000,4196.75000000,4197.76000000,189.51630000,1634806259999,795551.18938800,532,95.90790000,402604.86408800,0
1634806260000,4197.76000000,4202.71000000,4197.68000000,4200.44000000,417.07790000,1634806319999,1751776.11440900,1203,313.32630000,1315960.13087200,0
1634806320000,4200.44000000,4200.97000000,4197.44000000,4198.58000000,223.21190000,1634806379999,937188.59896500,605,104.92050000,440499.16557100,0
1634806380000,4198.57000000,4200.70000000,4195.63000000,4195.64000000,292.12880000,1634806439999,1226550.07975800,764,153.20700000,643307.03740100,0
1634806440000,4195.64000000,4195.88000000,4192.97000000,4195.42000000,462.19010000,1634806499999,1938712.98886700,767,214.52200000,899818.36403400,0
1634806500000,4195.12000000,4195.12000000,4190.07000000,4194.03000000,364.83290000,1634806559999,1529384.58686800,735,84.92860000,356084.16130300,0
1634806560000,4194.03000000,4196.87000000,4193.09000000,4196.86000000,143.86900000,1634806619999,603496.48129200,455,85.69460000,359479.44944900,0
1634806620000,4196.86000000,4199.10000000,4195.73000000,4195.85000000,331.41780000,1634806679999,1391184.98316900,723,249.12560000,1045726.62101400,0
1634806680000,4195.85000000,4198.93000000,4195.63000000,4197.81000000,228.28820000,1634806739999,958222.71503000,785,75.00140000,314799.60123500,0
1634806740000,4197.82000000,4198.80000000,4195.00000000,4195.43000000,178.08550000,1634806799999,747280.75100700,727,80.92790000,339601.00282400,0
1634806800000,4195.42000000,4200.00000000,4195.13000000,4199.54000000,293.02490000,1634806859999,1230224.76749900,890,154.76550000,649720.11750600,0
1634806860000,4199.54000000,4205.00000000,4196.18000000,4203.57000000,589.17150000,1634806919999,2475578.57889000,1532,272.69790000,1145924.99050200,0
1634806920000,4203.57000000,4207.20000000,4203.22000000,4207.20000000,465.48670000,1634806979999,1957622.76480400,1428,250.18940000,1052158.47718000,0
1634806980000,4207.19000000,4209.70000000,4206.26000000,4209.26000000,409.86520000,1634807039999,1724808.45500700,1490,217.40590000,914870.82731600,0
1634807040000,4209.26000000,4209.59000000,4203.59000000,4205.92000000,323.32600000,1634807099999,1359820.50281700,1089,127.47950000,536048.36833700,0
1634807100000,4205.91000000,4211.00000000,4205.52000000,4209.01000000,1122.73260000,1634807159999,4726109.83155500,1419,823.80440000,3467894.66970100,0
1634807160000,4209.00000000,4213.98000000,4208.11000000,4213.70000000,291.73750000,1634807219999,1228810.88128500,1334,168.65910000,710387.45363600,0
1634807220000,4213.70000000,4218.59000000,4212.14000000,4216.23000000,611.16150000,1634807279999,2576152.54012200,2839,316.24510000,1333008.52891400,0
1634807280000,4216.09000000,4220.00000000,4214.64000000,4219.19000000,994.70400000,1634807339999,4195349.82632000,1433,357.82260000,1509213.71785200,0
1634807340000,4219.19000000,4221.93000000,4215.02000000,4216.77000000,585.75140000,1634807399999,2471360.15313200,3132,385.18610000,1625162.20960000,0
1634807400000,4216.77000000,4218.37000000,4216.00000000,4216.64000000,159.87640000,1634807459999,674220.32028700,770,81.64860000,344322.29976100,0
1634807460000,4216.63000000,4222.61000000,4216.49000000,4220.55000000,495.53120000,1634807519999,2090953.01907500,1235,330.32170000,1393680.61012800,0
1634807520000,4220.56000000,4224.12000000,4220.56000000,4223.67000000,367.99750000,1634807579999,1554005.17823900,1542,208.23080000,879332.01695800,0
1634807580000,4223.66000000,4226.36000000,4220.41000000,4220.45000000,526.00540000,1634807639999,2221628.91523500,3502,354.92960000,1499230.96574200,0
1634807640000,4220.46000000,4224.77000000,4220.00000000,4220.58000000,354.73260000,1634807699999,1497525.68497900,758,111.82980000,472155.29553900,0
1634807700000,4220.58000000,4224.17000000,4220.00000000,4222.29000000,415.45520000,1634807759999,1754102.22648300,876,265.74560000,1122075.12625800,0
1634807760000,4222.29000000,4222.30000000,4215.89000000,4219.23000000,445.22240000,1634807819999,1878558.88176200,1514,144.10530000,607979.44279900,0
1634807820000,4219.23000000,4220.48000000,4218.02000000,4218.07000000,213.85270000,1634807879999,902337.56770700,669,103.62320000,437214.56919700,0
1634807880000,4218.07000000,4218.07000000,4216.00000000,4216.00000000,238.34190000,1634807939999,1005055.47676300,621,96.49340000,406895.16662200,0
1634807940000,4216.00000000,4218.31000000,4215.91000000,4217.96000000,265.83810000,1634807999999,1121028.43478300,601,124.85430000,526515.77427400,0
1634808000000,4217.96000000,4226.46000000,4217.96000000,4225.43000000,500.35590000,1634808059999,2112903.08181800,1160,244.68560000,1033031.57440200,0
1634808060000,4225.43000000,4226.84000000,4223.20000000,4223.20000000,285.82410000,1634808119999,1207649.42464000,1335,136.76060000,577812.20896300,0
1634808120000,4223.21000000,4225.96000000,4222.37000000,4225.26000000,226.43030000,1634808179999,956535.39262200,692,157.71300000,666234.54792500,0
1634808180000,4225.26000000,4227.65000000,4224.24000000,4226.62000000,225.33400000,1634808239999,952279.84534600,2431,122.61720000,518191.20080700,0
1634808240000,4226.62000000,4228.41000000,4226.01000000,4226.54000000,228.13060000,1634808299999,964290.67613300,2855,114.83540000,485392.66112400,0
1634808300000,4226.54000000,4226.96000000,4223.00000000,4223.01000000,250.80850000,1634808359999,1059584.83914400,1078,92.48310000,390691.29294500,0
1634808360000,4223.00000000,4224.25000000,4223.00000000,4223.86000000,175.24090000,1634808419999,740167.84780000,636,109.06340000,460646.42532100,0
1634808420000,4223.86000000,4225.41000000,4223.49000000,4224.56000000,230.32850000,1634808479999,972968.76254800,612,117.97240000,498344.97393300,0
1634808480000,4224.55000000,4229.31000000,4224.23000000,4229.31000000,196.91150000,1634808539999,832394.71089700,2782,121.54390000,513772.94560100,0
1634808540000,4229.32000000,4232.64000000,4227.38000000,4228.13000000,2402.06860000,1634808599999,10160819.96215600,9907,1998.73440000,8454957.23151600,0
1634808600000,4228.13000000,4229.32000000,4224.39000000,4228.89000000,316.85650000,1634808659999,1339049.95741300,3517,119.82200000,506384.08655500,0
1634808660000,4228.90000000,4242.00000000,4228.89000000,4238.23000000,2250.55030000,1634808719999,9532705.39749240,8667,1766.32010000,7482011.86335040,0
1634808720000,4238.23000000,4247.59000000,4236.88000000,4246.57000000,1144.56342000,1634808779999,4854771.77738770,3812,555.35288000,2355834.45060030,0
1634808780000,4246.58000000,4263.01000000,4246.14000000,4262.58000000,4402.06423000,1634808839999,18718115.69086600,10439,3465.95353000,14737038.94555390,0
1634808840000,4262.23000000,4268.56000000,4258.31000000,4265.25000000,1489.42954000,1634808899999,6350207.94977660,5255,799.03704000,3407108.45233660,0
1634808900000,4265.25000000,4268.69000000,4257.60000000,4263.95000000,903.85120000,1634808959999,3853361.19486900,5931,480.20670000,2047550.52042600,0
1634808960000,4263.94000000,4264.64000000,4257.34000000,4259.17000000,655.54770000,1634809019999,2792862.09373700,8341,249.95640000,1064873.80993000,0
1634809020000,4259.17000000,4260.00000000,4253.06000000,4256.38000000,457.14510000,1634809079999,1946074.40745300,11276,184.09640000,783794.03025500,0
1634809080000,4256.59000000,4257.15000000,4250.00000000,4250.00000000,545.87530000,1634809139999,2321826.33984300,12248,205.13910000,872616.83660100,0
1634809140000,4250.57000000,4258.19000000,4250.02000000,4255.75000000,779.79570000,1634809199999,3317644.35288400,9192,439.49760000,1869839.97635900,0
1634809200000,4255.74000000,4263.45000000,4253.00000000,4262.96000000,636.59480000,1634809259999,2710974.96194000,2063,336.69100000,1433850.33726800,0
1634809260000,4262.62000000,4273.00000000,4262.01000000,4272.65000000,1271.94853000,1634809319999,5428586.24539310,4031,628.18763000,2681104.44352030,0
1634809320000,4272.65000000,4288.00000000,4271.61000000,4287.02000000,2520.59810000,1634809379999,10788288.61110370,13892,1760.87980000,7537403.43840280,0
1634809380000,4287.02000000,4288.00000000,4276.10000000,4284.32000000,1503.35140000,1634809439999,6437369.49696300,10357,818.94810000,3506611.37397100,0
1634809440000,4283.99000000,4287.55000000,4275.62000000,4277.97000000,1111.02980000,1634809499999,4756533.63572500,19430,473.96120000,2029074.82512500,0
1634809500000,4277.97000000,4279.95000000,4269.30000000,4271.67000000,732.50370000,1634809559999,3130339.88063600,6979,333.82110000,1426217.33351900,0
1634809560000,4271.67000000,4277.57000000,4269.01000000,4269.31000000,406.15550000,1634809619999,1735402.79069100,1390,172.23280000,735837.31035400,0
1634809620000,4269.40000000,4272.59000000,4264.64000000,4266.06000000,645.16310000,1634809679999,2754179.68967800,3262,178.29700000,761042.01255900,0
1634809680000,4266.06000000,4276.90000000,4264.61000000,4276.31000000,530.73080000,1634809739999,2266216.30075900,2460,338.66030000,1446041.84969000,0
1634809740000,4276.32000000,4279.54000000,4274.37000000,4279.53000000,359.09520000,1634809799999,1535713.91950700,1049,220.94450000,944880.88820200,0
1634809800000,4279.54000000,4290.00000000,4279.53000000,4287.97000000,1064.27004000,1634809859999,4561845.28891390,2019,890.42764000,3817082.69727390,0
1634809860000,4287.97000000,4290.00000000,4281.00000000,4285.17000000,1122.69790000,1634809919999,4811642.19566700,3234,684.57160000,2933771.87823000,0
1634809920000,4285.17000000,4298.84000000,4282.94000000,4298.84000000,3155.31122000,1634809979999,13539967.36419830,5031,2485.41651000,10664533.37371860,0
1634809980000,4298.84000000,4298.89000000,4290.28000000,4291.53000000,796.53260000,1634810039999,3420586.87283200,3122,379.28090000,1628453.25292800,0
1634810040000,4291.53000000,4292.38000000,4281.88000000,4284.45000000,848.05420000,1634810099999,3635671.31939500,2251,418.26750000,1793079.78060600,0
1634810100000,4284.98000000,4285.89000000,4278.50000000,4285.89000000,705.21050000,1634810159999,3019222.77874300,1786,288.26340000,1234236.01308900,0
1634810160000,4285.89000000,4293.57000000,4284.17000000,4292.59000000,299.46990000,1634810219999,1284792.57854800,1256,202.86750000,870359.90443200,0
1634810220000,4292.58000000,4297.00000000,4291.12000000,4292.34000000,421.12150000,1634810279999,1808413.36190400,1304,297.31300000,1276757.47322100,0
1634810280000,4292.34000000,4300.00000000,4290.72000000,4299.51000000,1048.02152000,1634810339999,4503901.72219450,2987,714.31420000,3070210.20388490,0
1634810340000,4299.51000000,4300.00000000,4291.03000000,4297.29000000,776.43220000,1634810399999,3335690.66092900,1866,403.71380000,1734411.26929000,0
1634810400000,4297.29000000,4297.99000000,4291.11000000,4292.50000000,637.45700000,1634810459999,2736592.69601800,1613,408.35820000,1752932.42770200,0
1634810460000,4292.50000000,4292.95000000,4282.80000000,4289.33000000,1156.96820000,1634810519999,4961309.64207400,2263,415.18450000,1779740.93488200,0
1634810520000,4289.33000000,4289.40000000,4279.39000000,4281.79000000,636.91390000,1634810579999,2728186.06970500,1990,254.18770000,1088874.15178200,0
1634810580000,4281.80000000,4290.58000000,4281.79000000,4288.51000000,441.99000000,1634810639999,1894874.94317600,1703,237.80400000,1019474.07511400,0
1634810640000,4288.51000000,4297.00000000,4287.99000000,4291.10000000,587.60180000,1634810699999,2523137.29601100,1662,300.61290000,1290737.02206000,0
1634810700000,4291.10000000,4299.00000000,4290.00000000,4298.37000000,343.43630000,1634810759999,1475541.63942300,1726,154.52950000,663896.51492400,0
1634810760000,4298.38000000,4298.38000000,4290.94000000,4295.28000000,449.42460000,1634810819999,1930713.29074500,1545,253.91180000,1090730.69511100,0
1634810820000,4295.29000000,4300.00000000,4294.15000000,4298.46000000,778.17130000,1634810879999,3344336.04924000,2125,501.99950000,2157330.57303900,0
1634810880000,4298.46000000,4300.00000000,4292.50000000,4296.71000000,499.24790000,1634810939999,2145664.97830500,1948,256.66520000,1103067.22509500,0
1634810940000,4296.71000000,4298.46000000,4291.96000000,4294.58000000,326.83580000,1634810999999,1404044.53140000,1491,188.96310000,811752.68634900,0
1634811000000,4294.59000000,4295.07000000,4286.56000000,4294.12000000,643.57470000,1634811059999,2761492.21955800,1649,291.82200000,1252234.84464000,0
1634811060000,4294.12000000,4294.34000000,4286.86000000,4287.44000000,401.36140000,1634811119999,1721975.29222400,1570,177.99940000,763619.90333200,0
1634811120000,4287.44000000,4288.55000000,4283.70000000,4285.08000000,691.85970000,1634811179999,2965208.04597600,1738,353.69810000,1515925.68438600,0
1634811180000,4285.08000000,4287.92000000,4284.03000000,4285.35000000,217.44670000,1634811239999,932079.22492900,1250,110.87210000,475248.32726700,0
1634811240000,4285.38000000,4290.00000000,4283.45000000,4289.96000000,452.25230000,1634811299999,1938467.50279100,1342,185.18260000,793723.39004100,0
1634811300000,4289.96000000,4289.97000000,4285.53000000,4286.59000000,239.73880000,1634811359999,1028039.73627100,1194,112.14910000,480929.43807700,0
1634811360000,4286.58000000,4288.49000000,4283.45000000,4284.55000000,657.03040000,1634811419999,2815896.92606500,1394,393.33770000,1685875.75251800,0
1634811420000,4284.23000000,4285.17000000,4280.46000000,4280.55000000,422.54660000,1634811479999,1809601.74836500,1436,128.10520000,548625.14859700,0
1634811480000,4280.55000000,4282.98000000,4276.43000000,4278.42000000,534.26700000,1634811539999,2286340.74753500,1663,158.36400000,677821.96346700,0
1634811540000,4278.43000000,4279.39000000,4270.08000000,4274.04000000,634.02750000,1634811599999,2709935.85381200,2534,243.25270000,1039724.19941100,0
1634811600000,4274.03000000,4275.00000000,4266.27000000,4271.88000000,1136.58830000,1634811659999,4854662.72095200,2537,513.07260000,2191552.27594100,0
1634811660000,4272.07000000,4278.93000000,4268.55000000,4271.44000000,960.05140000,1634811719999,4102703.10628500,1863,395.87350000,1691795.27509300,0
1634811720000,4271.89000000,4278.00000000,4267.12000000,4277.93000000,593.67350000,1634811779999,2537091.86988700,1477,398.39830000,1702933.66285200,0
1634811780000,4277.92000000,4280.50000000,4277.17000000,4279.19000000,420.48750000,1634811839999,1799330.48853400,1328,228.68660000,978612.49350100,0
1634811840000,4279.19000000,4283.16000000,4277.99000000,4281.83000000,389.96350000,1634811899999,1668936.03026000,1133,148.99490000,637698.03496200,0
1634811900000,4281.73000000,4282.57000000,4277.67000000,4277.68000000,347.92170000,1634811959999,1488811.31229600,1095,97.73730000,418277.05361700,0
1634811960000,4277.68000000,4279.73000000,4272.66000000,4279.36000000,357.38660000,1634812019999,1528263.73722600,1253,181.78420000,777372.16450600,0
1634812020000,4279.36000000,4280.95000000,4277.91000000,4278.75000000,169.04040000,1634812079999,723380.05198400,974,98.02600000,419483.11140700,0
1634812080000,4278.76000000,4283.57000000,4277.54000000,4283.06000000,234.92650000,1634812139999,1005510.82264700,998,165.99600000,710474.66218300,0
1634812140000,4283.06000000,4286.44000000,4283.05000000,4286.01000000,484.44800000,1634812199999,2075698.68295200,1302,232.45830000,996023.02074700,0
1634812200000,4286.01000000,4295.00000000,4286.00000000,4293.87000000,594.03430000,1634812259999,2548587.75062100,1779,380.70530000,1633271.70323900,0
1634812260000,4293.86000000,4296.92000000,4293.86000000,4295.14000000,1193.74450000,1634812319999,5127276.97710900,1534,322.80950000,1386502.36200600,0
1634812320000,4295.15000000,4295.15000000,4290.80000000,4291.77000000,881.72350000,1634812379999,3786510.06616300,1323,210.94530000,905619.75342300,0
1634812380000,4291.88000000,4292.36000000,4286.94000000,4287.51000000,332.46520000,1634812439999,1426183.97545300,1200,165.40620000,709571.82452600,0
1634812440000,4287.51000000,4288.00000000,4281.92000000,4283.35000000,380.17680000,1634812499999,1628743.48939200,1271,162.41670000,695817.87844700,0
1634812500000,4283.35000000,4287.11000000,4282.96000000,4286.34000000,257.57100000,1634812559999,1103752.13421600,1111,170.90690000,732370.23602200,0
1634812560000,4286.34000000,4290.00000000,4284.98000000,4290.00000000,293.36620000,1634812619999,1257639.80218000,1030,209.63870000,898699.36284600,0
1634812620000,4290.00000000,4296.00000000,4289.84000000,4295.14000000,631.24240000,1634812679999,2709401.11245500,1258,508.25070000,2181218.66312200,0
1634812680000,4295.14000000,4299.69000000,4292.54000000,4297.27000000,705.69380000,1634812739999,3032519.47925500,1655,438.15540000,1882899.71498100,0
1634812740000,4297.27000000,4298.00000000,4294.59000000,4297.22000000,267.26940000,1634812799999,1148276.14261400,1138,158.68030000,681729.76752500,0
1634812800000,4297.22000000,4307.13000000,4296.97000000,4303.67000000,3393.45572000,1634812859999,14597066.08630370,10150,2298.68612000,9886096.19702530,0
1634812860000,4303.67000000,4308.12000000,4296.65000000,4300.86000000,1418.23370000,1634812919999,6102229.11750690,6666,633.18230000,2724230.20330190,0
1634812920000,4300.86000000,4307.29000000,4300.51000000,4305.00000000,674.15680000,1634812979999,2901924.23264600,1565,394.44560000,1697836.39227200,0
1634812980000,4305.01000000,4309.99000000,4301.44000000,4304.17000000,1162.01161000,1634813039999,5003295.58329710,5249,533.36811000,2296511.12218110,0
1634813040000,4304.17000000,4304.81000000,4295.39000000,4302.15000000,1102.18950000,1634813099999,4739414.68708800,3571,450.95130000,1938875.57185000,0
1634813100000,4302.16000000,4302.16000000,4300.00000000,4300.01000000,1054.88760000,1634813159999,4536151.26065900,1471,175.49730000,754692.13790200,0
1634813160000,4300.00000000,4301.20000000,4293.42000000,4295.26000000,938.99990000,1634813219999,4035436.99933600,1735,272.27200000,1170040.12878200,0
1634813220000,4295.25000000,4302.76000000,4294.56000000,4302.32000000,1540.20850000,1634813279999,6621626.49586600,1925,701.83250000,3016702.81184100,0
1634813280000,4302.33000000,4309.96000000,4302.33000000,4307.71000000,511.31470000,1634813339999,2201934.92102600,1531,251.26880000,1082003.77824600,0
1634813340000,4307.71000000,4308.96000000,4303.56000000,4307.85000000,528.89470000,1634813399999,2277559.46781400,1660,280.98340000,1210025.80095800,0
1634813400000,4307.84000000,4315.00000000,4306.62000000,4308.66000000,1113.22319000,1634813459999,4799632.45764630,5947,778.93069000,3358563.90224930,0
1634813460000,4308.65000000,4317.74000000,4308.65000000,4312.52000000,902.72296000,1634813519999,3894629.04483000,3751,533.73996000,2302787.18211400,0
1634813520000,4312.52000000,4313.19000000,4303.67000000,4303.82000000,959.01360000,1634813579999,4132558.81747700,3390,347.80780000,1498543.68018200,0
1634813580000,4303.82000000,4309.97000000,4301.18000000,4309.50000000,828.39840000,1634813639999,3566149.92327800,14834,400.45280000,1723768.19123100,0
1634813640000,4309.51000000,4312.46000000,4307.46000000,4309.99000000,417.58460000,1634813699999,1799705.38814400,1359,208.62310000,899129.70610800,0
1634813700000,4309.99000000,4319.00000000,4309.99000000,4315.99000000,815.14716000,1634813759999,3517963.73706880,3120,525.61886000,2268276.64393080,0
1634813760000,4316.00000000,4317.62000000,4312.69000000,4316.02000000,555.61760000,1634813819999,2397337.44123500,3261,279.74120000,1207045.92313900,0
1634813820000,4316.03000000,4319.83000000,4310.13000000,4310.14000000,871.87280000,1634813879999,3761508.52672580,2646,377.16140000,1627530.92420280,0
1634813880000,4310.14000000,4311.25000000,4305.03000000,4308.71000000,532.47650000,1634813939999,2293612.91266300,3016,294.82100000,1269833.83006000,0
1634813940000,4308.70000000,4309.98000000,4302.03000000,4306.98000000,599.75460000,1634813999999,2582551.51145300,1662,200.95930000,865223.52324300,0
1634814000000,4306.98000000,4307.52000000,4299.01000000,4302.24000000,765.30800000,1634814059999,3293418.09971800,1714,313.63290000,1349903.74255500,0
1634814060000,4302.25000000,4307.81000000,4301.92000000,4303.06000000,575.21100000,1634814119999,2476083.47755600,1550,265.61370000,1143427.90549100,0
1634814120000,4303.06000000,4306.00000000,4298.96000000,4303.92000000,666.80400000,1634814179999,2868867.41688100,1418,232.31510000,999729.98260000,0
1634814180000,4303.91000000,4304.37000000,4295.02000000,4298.13000000,489.99550000,1634814239999,2106511.69312500,1993,197.30700000,848218.52568200,0
1634814240000,4298.13000000,4302.00000000,4297.88000000,4301.18000000,429.95960000,1634814299999,1848635.68880900,1091,223.22990000,959811.19127900,0
1634814300000,4301.18000000,4308.25000000,4298.19000000,4308.24000000,641.72570000,1634814359999,2760993.09911300,1336,263.29660000,1133084.25901700,0
1634814360000,4308.24000000,4317.00000000,4308.24000000,4315.92000000,622.01540000,1634814419999,2682524.61444200,1655,368.36820000,1588585.67224200,0
1634814420000,4315.92000000,4318.00000000,4311.82000000,4317.14000000,406.45830000,1634814479999,1753814.97157000,1309,244.19440000,1053750.65516700,0
1634814480000,4317.11000000,4325.00000000,4314.20000000,4321.54000000,878.04642000,1634814539999,3793288.47478570,4973,609.99362000,2635280.67688870,0
1634814540000,4321.53000000,4322.25000000,4316.68000000,4320.24000000,489.18930000,1634814599999,2112824.58279200,2963,323.35860000,1396639.40536700,0
1634814600000,4320.81000000,4320.86000000,4317.00000000,4320.41000000,433.54820000,1634814659999,1872734.53456300,1181,184.74820000,797999.98103300,0
1634814660000,4320.41000000,4320.83000000,4319.00000000,4320.00000000,375.75670000,1634814719999,1623238.68553500,1235,195.12460000,842938.87129700,0
1634814720000,4320.01000000,4326.50000000,4319.01000000,4324.31000000,583.06901000,1634814779999,2520737.40646560,2155,300.81351000,1300426.97711660,0
1634814780000,4324.30000000,4329.13000000,4321.04000000,4323.19000000,848.49311000,1634814839999,3670131.69221100,9214,515.52325000,2229964.87503740,0
1634814840000,4323.20000000,4324.93000000,4321.00000000,4324.53000000,767.27050000,1634814899999,3316837.77186100,4487,568.66480000,2458267.46160400,0
1634814900000,4324.52000000,4328.00000000,4320.00000000,4320.00000000,777.25970000,1634814959999,3361062.18012200,2322,440.77690000,1906296.77376100,0
1634814960000,4320.01000000,4320.01000000,4311.10000000,4314.36000000,699.38490000,1634815019999,3018838.12717500,5739,352.74390000,1522620.13152300,0
1634815020000,4314.36000000,4319.99000000,4312.00000000,4319.49000000,513.11660000,1634815079999,2214279.79869500,1448,253.04960000,1092037.26355500,0
1634815080000,4319.49000000,4326.84000000,4318.00000000,4325.79000000,611.98710000,1634815139999,2645600.59917600,1297,192.32960000,831389.65033300,0
1634815140000,4325.80000000,4330.00000000,4325.29000000,4327.92000000,501.59390000,1634815199999,2171169.76898380,5853,319.23530000,1381869.38161480,0
1634815200000,4327.92000000,4333.00000000,4326.30000000,4328.71000000,972.35882000,1634815259999,4210431.62405600,11683,453.84540000,1964987.48630860,0
1634815260000,4328.72000000,4346.53000000,4327.46000000,4336.63000000,2663.75440000,1634815319999,11548682.50781290,11561,2051.30469000,8894461.82934090,0
1634815320000,4336.63000000,4337.33000000,4332.02000000,4337.26000000,660.19250000,1634815379999,2861966.17239400,1682,279.78420000,1212945.55531500,0
1634815380000,4337.26000000,4340.45000000,4333.00000000,4333.87000000,570.89070000,1634815439999,2475701.08474350,1793,254.56190000,1103992.02730750,0
1634815440000,4333.88000000,4341.19000000,4331.18000000,4341.18000000,637.71180000,1634815499999,2765794.96378300,1620,500.08220000,2168949.43654800,0
1634815500000,4341.18000000,4347.18000000,4340.00000000,4345.07000000,959.10460000,1634815559999,4166171.10113400,2974,590.37000000,2564420.99828300,0
1634815560000,4345.07000000,4350.00000000,4343.43000000,4348.92000000,1022.23815000,1634815619999,4445053.66471330,4350,548.86411000,2386790.12202110,0
1634815620000,4348.92000000,4350.00000000,4345.86000000,4350.00000000,983.80900000,1634815679999,4277911.75955500,2250,601.28910000,2614724.32966100,0
1634815680000,4349.99000000,4374.12000000,4348.02000000,4372.04000000,3693.17929000,1634815739999,16105494.99105650,13269,2752.30713000,12001682.84885420,0
1634815740000,4372.04000000,4375.00000000,4354.76000000,4358.74000000,2201.78760000,1634815799999,9608160.78949910,26171,1208.06330000,5272443.59457410,0
1634815800000,4357.89000000,4359.80000000,4349.75000000,4356.48000000,1111.04590000,1634815859999,4838616.89451100,16908,554.27980000,2414278.45660800,0
1634815860000,4356.48000000,4358.04000000,4343.99000000,4356.14000000,955.25440000,1634815919999,4157532.94088100,5915,446.80650000,1944767.34964300,0
1634815920000,4356.13000000,4356.14000000,4349.00000000,4351.01000000,584.88910000,1634815979999,2545315.05364500,3240,213.38430000,928706.71343400,0
1634815980000,4351.01000000,4351.02000000,4341.67000000,4342.74000000,719.83010000,1634816039999,3127894.97344900,3605,306.97680000,1333894.10296200,0
1634816040000,4342.73000000,4349.99000000,4208.95000000,4218.51000000,9093.81900000,1634816099999,38803472.07749900,24207,3157.19510000,13478299.95470600,0
1634816100000,4218.51000000,4279.64000000,4214.45000000,4247.06000000,6289.43080000,1634816159999,26770667.37848900,11702,3441.87860000,14651800.36159900,0
1634816160000,4247.99000000,4261.77000000,4222.95000000,4253.39000000,5169.96410000,1634816219999,21935088.83482700,8295,3120.99840000,13245013.82643900,0
1634816220000,4253.94000000,4287.57000000,4250.38000000,4285.53000000,3470.14430000,1634816279999,14816619.14105900,6884,2105.16960000,8988023.27480000,0
1634816280000,4286.09000000,4286.96000000,4264.45000000,4267.55000000,2429.91810000,1634816339999,10391980.54985500,4454,978.53110000,4185637.18432600,0
1634816340000,4267.54000000,4283.25000000,4260.00000000,4279.68000000,2203.68820000,1634816399999,9416435.07455300,4315,1034.15200000,4419456.00109000,0
1634816400000,4279.68000000,4307.82000000,4277.48000000,4305.29000000,3111.90110000,1634816459999,13371311.60896200,5937,1534.92960000,6593376.57867700,0
1634816460000,4305.28000000,4309.79000000,4288.99000000,4296.79000000,2205.96090000,1634816519999,9481058.88157200,3734,896.94940000,3855284.64374900,0
1634816520000,4296.79000000,4301.80000000,4259.36000000,4264.36000000,2022.95180000,1634816579999,8658997.92626800,27909,795.65010000,3407040.30679900,0
1634816580000,4264.36000000,4282.66000000,4260.95000000,4272.84000000,1798.80860000,1634816639999,7685364.41898700,3247,750.16130000,3204733.48492500,0
1634816640000,4272.83000000,4274.58000000,4249.13000000,4251.45000000,1296.70290000,1634816699999,5525576.75582600,3169,493.56840000,2103368.66405900,0
1634816700000,4251.44000000,4253.49000000,4216.93000000,4239.21000000,4688.65200000,1634816759999,19865000.33180500,7709,1840.15720000,7796413.03995200,0
1634816760000,4239.21000000,4261.54000000,4235.21000000,4261.52000000,1925.49080000,1634816819999,8181526.75803800,4553,902.44820000,3834910.24360300,0
1634816820000,4261.51000000,4268.18000000,4255.86000000,4260.00000000,1086.42630000,1634816879999,4631048.63858900,16593,604.81670000,2578316.82513100,0
1634816880000,4259.77000000,4261.52000000,4240.38000000,4243.73000000,1710.60750000,1634816939999,7271888.04660100,5769,1017.71100000,4326691.76027400,0
1634816940000,4243.72000000,4248.48000000,4233.97000000,4233.98000000,1019.12760000,1634816999999,4323728.32877600,4311,578.13740000,2453232.58874400,0
1634817000000,4233.97000000,4256.10000000,4233.86000000,4243.39000000,777.88180000,1634817059999,3304002.45350500,2995,453.61340000,1926521.30945700,0
1634817060000,4243.41000000,4246.90000000,4227.82000000,4239.55000000,1084.99400000,1634817119999,4597838.28469700,4994,530.20400000,2246854.58445000,0
1634817120000,4239.54000000,4256.34000000,4238.61000000,4255.06000000,819.80540000,1634817179999,3482878.55833700,3147,447.36390000,1900711.37416800,0
1634817180000,4255.05000000,4255.83000000,4244.53000000,4250.80000000,720.41780000,1634817239999,3062180.85206700,1878,393.92690000,1674273.38817200,0
1634817240000,4250.79000000,4250.79000000,4235.00000000,4238.90000000,579.36850000,1634817299999,2456257.96572300,1621,243.50960000,1032482.57204200,0
1634817300000,4238.91000000,4239.89000000,4225.57000000,4226.69000000,1111.24110000,1634817359999,4702536.14954300,2662,453.64730000,1919791.65415100,0
1634817360000,4226.13000000,4228.64000000,4162.01000000,4174.83000000,9190.63490000,1634817419999,38500066.40145100,17534,3184.18450000,13328102.29070100,0
1634817420000,4175.13000000,4201.03000000,4172.50000000,4192.15000000,4535.09120000,1634817479999,19002446.09521700,7190,2539.43330000,10641027.96204700,0
1634817480000,4192.16000000,4203.05000000,4186.28000000,4201.75000000,2057.97680000,1634817539999,8638167.83659200,4213,1085.45400000,4556027.21642500,0
1634817540000,4201.75000000,4216.87000000,4199.26000000,4211.88000000,1230.13660000,1634817599999,5176684.75173600,8222,694.20040000,2921651.15118000,0
1634817600000,4211.88000000,4222.43000000,4205.00000000,4219.11000000,1324.69570000,1634817659999,5581984.80667800,17031,670.94920000,2827355.99640400,0
1634817660000,4219.11000000,4222.83000000,4210.47000000,4220.20000000,1012.68610000,1634817719999,4270814.16722800,6061,639.01390000,2695229.62525800,0
1634817720000,4220.19000000,4233.47000000,4213.12000000,4231.20000000,1592.60700000,1634817779999,6726920.25148100,3257,854.55460000,3610763.60187700,0
1634817780000,4231.18000000,4233.68000000,4224.76000000,4233.22000000,864.59680000,1634817839999,3656624.67611700,1968,487.27130000,2060889.32110000,0
1634817840000,4233.22000000,4233.22000000,4224.38000000,4229.21000000,845.64620000,1634817899999,3576448.98903900,1784,512.74250000,2168586.41596400,0
1634817900000,4229.21000000,4229.89000000,4213.65000000,4215.18000000,792.20320000,1634817959999,3343460.41610900,1920,347.41800000,1466041.94617800,0
1634817960000,4215.17000000,4221.14000000,4204.43000000,4205.86000000,917.97870000,1634818019999,3868267.62697000,2176,399.68060000,1684242.94632800,0
1634818020000,4205.85000000,4209.86000000,4188.62000000,4192.73000000,1384.04200000,1634818079999,5812235.58462700,3193,467.36930000,1963284.48327700,0
1634818080000,4193.28000000,4203.20000000,4182.58000000,4189.70000000,1338.55480000,1634818139999,5612526.78798800,3261,662.28030000,2777243.21540600,0
1634818140000,4190.73000000,4200.00000000,4187.77000000,4192.85000000,860.25340000,1634818199999,3608214.17438800,2536,407.34950000,1708738.25111000,0
1634818200000,4192.85000000,4200.81000000,4180.02000000,4181.86000000,1227.34600000,1634818259999,5143771.81078100,2633,474.49680000,1988527.08416900,0
1634818260000,4181.86000000,4189.98000000,4166.00000000,4166.61000000,1549.65190000,1634818319999,6471849.69825900,4939,683.18690000,2854463.45746800,0
1634818320000,4166.61000000,4186.75000000,4155.81000000,4184.21000000,3714.82990000,1634818379999,15483988.47078100,6053,2541.02660000,10593541.50770500,0
1634818380000,4184.20000000,4185.77000000,4164.98000000,4167.03000000,1149.63830000,1634818439999,4800862.99164200,5425,474.90160000,1983733.03429600,0
1634818440000,4167.03000000,4173.74000000,4157.67000000,4160.72000000,1339.31450000,1634818499999,5579501.33360800,6679,647.77900000,2698680.45086500,0
1634818500000,4160.58000000,4179.66000000,4145.16000000,4179.35000000,3462.87390000,1634818559999,14399453.77984000,7048,1476.99410000,6145149.34799300,0
1634818560000,4179.35000000,4187.63000000,4173.96000000,4181.46000000,1133.92380000,1634818619999,4741778.01994700,4770,597.22730000,2497829.95748000,0
1634818620000,4181.45000000,4183.62000000,4172.81000000,4173.42000000,723.39390000,1634818679999,3022255.39410800,3001,340.27210000,1421610.95491300,0
1634818680000,4173.42000000,4193.76000000,4171.55000000,4193.62000000,878.34050000,1634818739999,3674259.13001700,2227,583.54430000,2440912.51137800,0
1634818740000,4193.75000000,4194.93000000,4186.99000000,4188.37000000,721.93230000,1634818799999,3025356.54790000,1672,386.89420000,1621358.41699700,0
1634818800000,4188.36000000,4194.63000000,4181.77000000,4192.17000000,687.09490000,1634818859999,2878819.33180300,1618,400.95860000,1679883.97498000,0
1634818860000,4192.17000000,4202.03000000,4187.77000000,4200.01000000,902.36890000,1634818919999,3786285.29101800,2175,555.84090000,2332515.01722500,0
1634818920000,4200.01000000,4204.08000000,4195.54000000,4197.46000000,756.45200000,1634818979999,3176924.22059700,1648,317.94320000,1335356.09414800,0
1634818980000,4197.46000000,4197.99000000,4188.09000000,4192.72000000,564.68830000,1634819039999,2367685.65413100,1460,296.09540000,1241593.81780500,0
1634819040000,4192.73000000,4194.68000000,4184.17000000,4191.96000000,683.02920000,1634819099999,2862041.06179400,1330,346.48140000,1452090.95902100,0
1634819100000,4191.96000000,4199.52000000,4187.85000000,4197.46000000,411.72090000,1634819159999,1727110.45590700,1064,196.12010000,822981.02397000,0
1634819160000,4197.46000000,4197.74000000,4192.30000000,4195.77000000,503.34200000,1634819219999,2111756.83248700,1094,225.40090000,945719.88598500,0
1634819220000,4195.36000000,4198.00000000,4188.53000000,4188.61000000,367.99130000,1634819279999,1543016.12077900,883,164.29250000,688936.85981000,0
1634819280000,4188.62000000,4195.10000000,4188.53000000,4193.05000000,300.63290000,1634819339999,1260144.25725000,917,139.78280000,585773.84518300,0
1634819340000,4193.05000000,4200.61000000,4191.94000000,4200.20000000,294.94370000,1634819399999,1238064.91810700,860,167.34340000,702477.75428500,0
1634819400000,4200.21000000,4211.63000000,4200.00000000,4211.02000000,791.64400000,1634819459999,3330066.49484600,1996,432.10690000,1817808.13259400,0
1634819460000,4211.02000000,4216.99000000,4208.29000000,4216.98000000,1082.23460000,1634819519999,4559620.58113400,1920,611.42290000,2576052.78641300,0
1634819520000,4216.99000000,4220.55000000,4213.73000000,4219.19000000,1129.82780000,1634819579999,4765458.11513500,1825,550.42640000,2321950.16790300,0
1634819580000,4219.20000000,4219.36000000,4213.01000000,4215.04000000,641.43960000,1634819639999,2705013.79078500,1356,259.79440000,1095490.88575300,0
1634819640000,4215.03000000,4219.00000000,4215.03000000,4216.40000000,392.31790000,1634819699999,1654528.53321100,885,208.54660000,879480.56459700,0
1634819700000,4216.41000000,4222.00000000,4206.82000000,4221.98000000,881.76630000,1634819759999,3715669.93905900,1876,456.68350000,1924894.31355200,0
1634819760000,4221.71000000,4221.98000000,4213.13000000,4215.70000000,437.76060000,1634819819999,1845858.19519900,1468,235.23510000,991897.83171400,0
1634819820000,4215.69000000,4216.19000000,4208.44000000,4213.92000000,536.60900000,1634819879999,2260093.91582200,1110,240.59740000,1013398.10782400,0
1634819880000,4214.13000000,4215.73000000,4210.41000000,4212.46000000,425.23060000,1634819939999,1791265.96621000,888,268.81050000,1132391.06294900,0
1634819940000,4212.46000000,4214.98000000,4210.00000000,4210.04000000,447.28810000,1634819999999,1884021.62377900,746,214.29170000,902701.99711600,0
1634820000000,4210.04000000,4210.04000000,4200.00000000,4202.11000000,698.78730000,1634820059999,2938953.68080200,1243,211.76810000,890282.29312600,0
1634820060000,4202.11000000,4211.83000000,4200.79000000,4210.79000000,689.94810000,1634820119999,2901556.04729200,1019,458.32650000,1927846.97857900,0
1634820120000,4210.44000000,4216.25000000,4208.91000000,4214.29000000,519.61220000,1634820179999,2188600.59130700,965,345.28370000,1454223.21281900,0
1634820180000,4214.29000000,4216.00000000,4208.62000000,4214.96000000,617.83900000,1634820239999,2602146.77779200,1013,290.31550000,1222748.05395400,0
1634820240000,4214.99000000,4223.18000000,4211.92000000,4216.85000000,502.30110000,1634820299999,2119370.16425900,1320,285.47200000,1204485.32743600,0
1634820300000,4217.17000000,4224.00000000,4216.08000000,4219.81000000,417.75660000,1634820359999,1762950.70549500,1466,230.33190000,971944.05905600,0
1634820360000,4219.80000000,4222.56000000,4210.52000000,4210.77000000,275.25340000,1634820419999,1160860.52489400,903,101.25950000,427132.21563500,0
1634820420000,4210.77000000,4213.03000000,4205.00000000,4208.36000000,487.58250000,1634820479999,2052194.81714800,920,121.78940000,512541.51541400,0
1634820480000,4208.36000000,4208.66000000,4198.02000000,4203.75000000,521.25730000,1634820539999,2190338.89056900,1211,183.64380000,771658.41925000,0
1634820540000,4203.75000000,4206.58000000,4200.19000000,4206.16000000,380.29900000,1634820599999,1598492.26118700,794,228.29840000,959537.54633300,0
1634820600000,4206.15000000,4207.53000000,4198.40000000,4199.98000000,327.18340000,1634820659999,1374951.64500200,750,91.47710000,384343.00385600,0
1634820660000,4199.98000000,4200.00000000,4197.08000000,4197.08000000,621.02140000,1634820719999,2608056.81583000,858,440.58510000,1850382.16341300,0
1634820720000,4197.07000000,4200.00000000,4195.35000000,4199.99000000,550.95430000,1634820779999,2313453.58376400,781,355.75240000,1493815.09739900,0
1634820780000,4199.99000000,4206.00000000,4197.91000000,4205.72000000,1167.51230000,1634820839999,4903523.06005800,1196,963.30900000,4045853.10798800,0
1634820840000,4205.72000000,4209.52000000,4204.14000000,4207.01000000,351.30140000,1634820899999,1477988.90943200,667,155.86450000,655779.74459000,0
1634820900000,4207.01000000,4207.02000000,4202.00000000,4205.91000000,280.28620000,1634820959999,1178479.33325600,586,123.64030000,519818.40192600,0
1634820960000,4205.91000000,4208.21000000,4204.30000000,4206.64000000,162.74320000,1634821019999,684588.35745100,510,57.23980000,240766.09135400,0
1634821020000,4206.68000000,4209.77000000,4203.86000000,4208.99000000,386.60570000,1634821079999,1626293.18852000,721,172.10590000,724024.95071200,0
1634821080000,4208.99000000,4216.26000000,4208.90000000,4216.02000000,297.99620000,1634821139999,1255112.67458100,762,171.44560000,722082.32934100,0
1634821140000,4216.01000000,4225.00000000,4213.79000000,4224.77000000,578.00240000,1634821199999,2439748.10878500,1233,350.72820000,1480424.60249100,0
1634821200000,4224.76000000,4224.77000000,4216.35000000,4219.33000000,365.86880000,1634821259999,1544041.87376200,1040,197.62200000,833982.47641500,0
1634821260000,4219.32000000,4219.38000000,4212.91000000,4214.87000000,215.74520000,1634821319999,909379.97200100,739,82.46590000,347614.21114600,0
1634821320000,4214.87000000,4215.08000000,4208.70000000,4212.00000000,298.39550000,1634821379999,1256638.39840800,850,127.43750000,536653.99007900,0
1634821380000,4212.00000000,4218.07000000,4211.63000000,4217.07000000,196.88430000,1634821439999,829807.47282000,884,78.53130000,330991.82297300,0
1634821440000,4217.06000000,4231.53000000,4217.06000000,4230.00000000,729.28930000,1634821499999,3082732.46214900,2397,456.75770000,1930739.90963800,0
1634821500000,4230.00000000,4230.00000000,4220.68000000,4220.71000000,546.59850000,1634821559999,2309042.08571100,1320,239.01040000,1009754.86692500,0
1634821560000,4220.67000000,4221.22000000,4214.34000000,4218.74000000,405.51400000,1634821619999,1710366.10320300,941,218.52570000,921636.94780500,0
1634821620000,4218.74000000,4223.00000000,4217.39000000,4222.09000000,345.28250000,1634821679999,1457368.54227000,784,248.11730000,1047262.42697100,0
1634821680000,4222.10000000,4226.55000000,4217.27000000,4226.55000000,532.05550000,1634821739999,2245806.21627800,866,130.94840000,552883.20181300,0
1634821740000,4226.55000000,4228.59000000,4224.50000000,4226.93000000,261.34950000,1634821799999,1104523.00725300,638,189.05870000,798986.78269100,0
1634821800000,4226.93000000,4227.00000000,4219.06000000,4222.83000000,308.32350000,1634821859999,1302567.02215400,789,127.47800000,538529.91071400,0
1634821860000,4222.83000000,4223.94000000,4220.00000000,4220.01000000,193.44340000,1634821919999,816786.37694400,593,98.89700000,417568.51769800,0
1634821920000,4220.00000000,4224.68000000,4216.34000000,4220.37000000,355.74570000,1634821979999,1501288.86607400,735,170.80260000,720849.38318000,0
1634821980000,4220.36000000,4223.64000000,4218.18000000,4218.19000000,183.57130000,1634822039999,774710.67440800,511,76.75130000,323935.28759800,0
1634822040000,4218.18000000,4220.77000000,4215.90000000,4219.71000000,194.93730000,1634822099999,822346.53358200,563,95.37190000,402342.82487500,0
1634822100000,4220.00000000,4230.17000000,4219.92000000,4227.58000000,310.59730000,1634822159999,1312343.92551600,641,190.99740000,807088.94274000,0
1634822160000,4227.59000000,4231.40000000,4227.40000000,4230.37000000,387.47550000,1634822219999,1638746.09277200,767,237.25920000,1003411.63102200,0
1634822220000,4230.38000000,4236.64000000,4230.37000000,4236.00000000,388.50640000,1634822279999,1645053.25120600,1233,237.42790000,1005394.41777700,0
1634822280000,4236.00000000,4239.72000000,4233.81000000,4236.46000000,437.97990000,1634822339999,1855698.76554500,996,214.58140000,909211.06181500,0
1634822340000,4236.47000000,4241.56000000,4235.40000000,4240.20000000,435.67010000,1634822399999,1846779.31682900,1923,222.76190000,944330.34222700,0
1634822400000,4240.19000000,4241.56000000,4238.43000000,4239.74000000,316.81330000,1634822459999,1343150.91868100,825,198.48600000,841488.97829300,0
1634822460000,4239.73000000,4248.67000000,4239.73000000,4248.00000000,387.46850000,1634822519999,1644349.72577700,1503,256.62110000,1089049.28812700,0
1634822520000,4248.00000000,4250.00000000,4246.00000000,4248.45000000,656.16020000,1634822579999,2787558.92180000,1248,506.50150000,2151830.49461100,0
1634822580000,4248.40000000,4252.84000000,4246.01000000,4252.66000000,614.87560000,1634822639999,2612344.27286600,1371,303.33990000,1288993.02040000,0
1634822640000,4252.84000000,4259.00000000,4250.02000000,4258.22000000,590.25450000,1634822699999,2511488.19525800,1771,222.14720000,945409.12919900,0
1634822700000,4258.23000000,4261.30000000,4254.30000000,4258.20000000,1278.37540000,1634822759999,5443329.53978000,3927,394.79940000,1681082.84555600,0
1634822760000,4258.20000000,4264.40000000,4258.20000000,4260.37000000,397.39730000,1634822819999,1693557.50254600,1155,247.13120000,1053278.93478000,0
1634822820000,4260.36000000,4263.41000000,4257.01000000,4261.77000000,628.93460000,1634822879999,2679557.96033400,1394,393.63730000,1677050.93420300,0
1634822880000,4261.65000000,4261.93000000,4256.00000000,4258.31000000,308.13250000,1634822939999,1312137.15553500,785,152.17640000,647989.50536800,0
1634822940000,4258.31000000,4261.36000000,4253.17000000,4258.91000000,931.18290000,1634822999999,3964816.80832900,1193,284.59570000,1211855.85567600,0
1634823000000,4258.68000000,4266.00000000,4258.39000000,4262.27000000,847.88380000,1634823059999,3613639.13274300,1714,591.53200000,2521035.92762200,0
1634823060000,4262.27000000,4264.37000000,4257.72000000,4264.36000000,445.37770000,1634823119999,1897365.91877200,864,204.73910000,872169.04935500,0
1634823120000,4264.36000000,4269.89000000,4260.94000000,4269.46000000,457.66670000,1634823179999,1952024.70926000,1348,226.81900000,967450.91481200,0
1634823180000,4269.46000000,4271.30000000,4266.65000000,4271.02000000,493.40810000,1634823239999,2106536.31135600,1234,291.80420000,1245790.80958100,0
1634823240000,4271.02000000,4276.08000000,4271.00000000,4273.79000000,1277.23530000,1634823299999,5457051.04893000,3546,674.82440000,2883666.76346400,0
1634823300000,4273.79000000,4273.79000000,4265.19000000,4268.27000000,639.15590000,1634823359999,2728364.76333200,1373,297.71700000,1270907.78208200,0
1634823360000,4268.27000000,4270.54000000,4258.73000000,4262.52000000,746.25820000,1634823419999,3181348.23225200,1733,318.01260000,1355878.53848300,0
1634823420000,4262.52000000,4264.64000000,4261.00000000,4261.01000000,327.86310000,1634823479999,1397549.92123400,758,150.05310000,639630.07302800,0
1634823480000,4261.00000000,4265.07000000,4261.00000000,4262.86000000,162.90490000,1634823539999,694571.46261700,562,80.25640000,342156.37038000,0
1634823540000,4262.87000000,4268.94000000,4262.87000000,4267.29000000,231.00010000,1634823599999,985447.03440400,793,136.00280000,580135.67701900,0
1634823600000,4267.30000000,4267.98000000,4260.21000000,4260.98000000,274.11330000,1634823659999,1168889.84884000,778,85.74750000,365670.65230600,0
1634823660000,4260.98000000,4261.36000000,4255.32000000,4255.73000000,591.35770000,1634823719999,2518708.70627700,1141,155.32590000,661449.36757900,0
1634823720000,4255.74000000,4260.00000000,4254.27000000,4259.99000000,344.48040000,1634823779999,1466312.35957900,753,156.45280000,666023.51084700,0
1634823780000,4260.00000000,4260.00000000,4251.10000000,4252.80000000,351.56480000,1634823839999,1496247.59460400,896,103.51380000,440600.84197700,0
1634823840000,4252.80000000,4254.86000000,4239.19000000,4240.48000000,735.28520000,1634823899999,3123710.51585400,1695,290.26530000,1232994.84107700,0
1634823900000,4240.48000000,4252.91000000,4240.47000000,4249.14000000,814.79850000,1634823959999,3459592.22032500,1281,409.38850000,1738259.59929600,0
1634823960000,4249.14000000,4256.77000000,4249.07000000,4255.85000000,320.10940000,1634824019999,1361569.74989600,653,214.44020000,912083.72961100,0
1634824020000,4255.86000000,4257.87000000,4253.72000000,4256.15000000,498.70990000,1634824079999,2122641.39305800,678,299.51970000,1274797.77068400,0
1634824080000,4256.15000000,4256.15000000,4249.02000000,4249.81000000,380.93300000,1634824139999,1619630.27263400,729,132.08880000,561675.30699900,0
1634824140000,4249.82000000,4252.77000000,4243.91000000,4248.96000000,710.90850000,1634824199999,3021011.32481000,916,176.19820000,748896.53582400,0
1634824200000,4249.47000000,4253.86000000,4247.06000000,4252.53000000,740.58230000,1634824259999,3147641.53921800,787,615.80150000,2617210.20518000,0
1634824260000,4252.52000000,4253.04000000,4248.91000000,4252.12000000,193.39950000,1634824319999,822101.16534900,581,101.43970000,431177.99894500,0
1634824320000,4252.12000000,4252.12000000,4248.13000000,4250.66000000,179.84410000,1634824379999,764355.49938900,461,86.03900000,365678.11414100,0
1634824380000,4250.67000000,4252.00000000,4243.59000000,4244.03000000,275.38370000,1634824439999,1169849.69965900,603,108.49480000,460933.30739700,0
1634824440000,4244.02000000,4245.37000000,4229.37000000,4238.45000000,980.63870000,1634824499999,4153563.79146100,1931,463.61640000,1963908.64728600,0
1634824500000,4238.44000000,4239.90000000,4222.74000000,4225.96000000,850.32850000,1634824559999,3596540.30687800,2165,304.21490000,1287024.27038700,0
1634824560000,4226.09000000,4229.22000000,4217.29000000,4228.01000000,1104.87070000,1634824619999,4665963.74728400,2253,439.25150000,1855499.09444800,0
1634824620000,4228.01000000,4233.93000000,4224.69000000,4225.33000000,491.62260000,1634824679999,2079602.23718700,897,209.30650000,885247.22133300,0
1634824680000,4225.34000000,4227.34000000,4220.00000000,4226.58000000,358.23450000,1634824739999,1512875.49634500,785,214.12990000,904288.49115000,0
1634824740000,4226.58000000,4228.16000000,4208.45000000,4216.45000000,837.24730000,1634824799999,3529874.13502200,3131,324.71860000,1369067.83011300,0
1634824800000,4216.45000000,4226.62000000,4213.89000000,4222.62000000,437.97900000,1634824859999,1848472.46360500,928,259.42660000,1095086.43774200,0
1634824860000,4222.66000000,4229.87000000,4217.00000000,4219.01000000,656.30030000,1634824919999,2772536.29525200,1455,341.05130000,1440827.43788800,0
1634824920000,4219.00000000,4219.01000000,4200.00000000,4201.55000000,3653.67930000,1634824979999,15366464.25727300,4828,1379.71010000,5801427.69572400,0
1634824980000,4201.07000000,4205.53000000,4190.88000000,4195.18000000,1301.48340000,1634825039999,5465467.08364700,3366,483.54910000,2030564.89248300,0
1634825040000,4196.12000000,4196.13000000,4186.15000000,4186.23000000,1198.03030000,1634825099999,5021631.98254700,2325,573.41490000,2403734.53708600,0
1634825100000,4186.15000000,4198.00000000,4185.50000000,4196.61000000,1181.30420000,1634825159999,4951185.91185500,1913,873.33200000,3660292.84056900,0
1634825160000,4196.62000000,4205.94000000,4196.61000000,4200.35000000,563.52880000,1634825219999,2368128.70662600,1393,224.72090000,944170.18531900,0
1634825220000,4200.58000000,4209.25000000,4200.58000000,4208.76000000,463.48510000,1634825279999,1949883.97400900,1257,223.42890000,939904.81595400,0
1634825280000,4208.56000000,4208.87000000,4200.83000000,4203.09000000,503.51660000,1634825339999,2117718.63108900,1007,130.51110000,548803.17527800,0
1634825340000,4203.10000000,4208.31000000,4200.13000000,4206.52000000,212.91970000,1634825399999,895129.49802700,854,78.81200000,331350.43577300,0
1634825400000,4206.53000000,4217.97000000,4206.53000000,4211.14000000,510.59550000,1634825459999,2151469.75599400,1302,253.61530000,1068789.19457500,0
1634825460000,4211.13000000,4216.82000000,4209.22000000,4214.58000000,279.62960000,1634825519999,1178146.99023800,1064,180.82380000,761866.69935800,0
1634825520000,4214.59000000,4214.59000000,4204.33000000,4206.71000000,1111.33060000,1634825579999,4678049.12224600,1255,295.75060000,1244596.71443500,0
1634825580000,4206.92000000,4207.06000000,4195.43000000,4196.01000000,785.23800000,1634825639999,3299548.57784600,1343,468.55770000,1969154.49598300,0
1634825640000,4196.01000000,4201.99000000,4192.38000000,4192.38000000,562.91150000,1634825699999,2362392.47049900,1413,302.24610000,1268571.09814800,0
1634825700000,4192.38000000,4203.32000000,4188.77000000,4197.13000000,987.54010000,1634825759999,4143648.92969200,1903,439.10520000,1842745.95396100,0
1634825760000,4197.09000000,4210.00000000,4193.79000000,4206.59000000,1458.88930000,1634825819999,6131945.73627900,1630,1165.89140000,4900582.60205600,0
1634825820000,4206.59000000,4209.98000000,4203.50000000,4208.18000000,391.19040000,1634825879999,1645761.26771600,1172,196.11310000,825181.47651500,0
1634825880000,4208.18000000,4209.27000000,4198.10000000,4198.36000000,479.84290000,1634825939999,2017203.22235300,987,102.44270000,430735.86159200,0
1634825940000,4198.36000000,4201.19000000,4195.31000000,4196.19000000,367.22570000,1634825999999,1541726.85501900,954,209.20620000,878409.80639000,0
1634826000000,4196.19000000,4196.56000000,4183.35000000,4186.10000000,853.99180000,1634826059999,3579353.69778800,1545,217.27220000,910823.61217700,0
1634826060000,4186.10000000,4186.10000000,4170.00000000,4174.09000000,1301.72580000,1634826119999,5438622.78646300,4488,510.99780000,2135054.58029400,0
1634826120000,4174.06000000,4178.99000000,4165.01000000,4175.74000000,1780.98590000,1634826179999,7430673.91315500,3953,717.72620000,2995086.16707200,0
1634826180000,4175.99000000,4186.90000000,4175.86000000,4186.89000000,614.35410000,1634826239999,2569074.33458900,2428,304.81450000,1274602.53559000,0
1634826240000,4186.88000000,4186.89000000,4150.00000000,4170.56000000,1799.35010000,1634826299999,7493062.87314900,4523,752.08940000,3132838.86561700,0
1634826300000,4170.56000000,4172.21000000,4084.72000000,4107.49000000,7917.29110000,1634826359999,32643785.91534900,18368,2330.15230000,9616452.13913700,0
1634826360000,4102.46000000,4139.12000000,4102.46000000,4115.22000000,6046.16800000,1634826419999,24949126.99924600,9694,2248.51880000,9278774.50809000,0
1634826420000,4116.87000000,4148.67000000,4112.29000000,4144.37000000,1880.59310000,1634826479999,7768629.47770600,5325,1016.65850000,4199557.68430600,0
1634826480000,4144.66000000,4149.91000000,4122.15000000,4129.08000000,2134.14480000,1634826539999,8833437.13511300,4215,1066.86260000,4416948.45608600,0
1634826540000,4129.08000000,4130.89000000,4111.53000000,4130.06000000,1544.27690000,1634826599999,6363149.39144800,4179,751.83870000,3098529.48112000,0
1634826600000,4130.06000000,4147.41000000,4130.06000000,4140.43000000,1629.67460000,1634826659999,6746068.44824500,3281,972.15220000,4024210.99975100,0
1634826660000,4140.43000000,4140.43000000,4122.20000000,4131.31000000,986.97810000,1634826719999,4075396.07842200,2540,486.68330000,2009537.02890300,0
1634826720000,4130.93000000,4131.98000000,4107.18000000,4110.63000000,1984.62310000,1634826779999,8165566.18845300,3545,1015.89040000,4179227.24580800,0
1634826780000,4110.63000000,4113.58000000,4075.31000000,4101.69000000,4387.05820000,1634826839999,17954416.01671800,20611,1789.27400000,7323192.76330700,0
1634826840000,4102.39000000,4124.98000000,4096.08000000,4124.04000000,1814.92340000,1634826899999,7457599.28962700,4168,854.34750000,3512028.77885400,0
1634826900000,4124.72000000,4131.55000000,4116.88000000,4116.89000000,1237.44560000,1634826959999,5103654.01715100,11262,602.99280000,2487164.73615800,0
1634826960000,4116.88000000,4122.14000000,4101.76000000,4102.65000000,1026.34770000,1634827019999,4221211.77073800,3035,380.13950000,1563485.04764700,0
1634827020000,4102.64000000,4111.00000000,4097.98000000,4108.00000000,1326.03810000,1634827079999,5443212.17661400,3409,563.92270000,2314814.30629600,0
1634827080000,4107.99000000,4119.93000000,4107.99000000,4117.90000000,810.26260000,1634827139999,3333238.10915400,1968,399.74990000,1644534.53726600,0
1634827140000,4118.47000000,4123.56000000,4116.24000000,4121.68000000,588.98410000,1634827199999,2426428.53965900,1815,332.42770000,1369507.55731600,0
1634827200000,4121.69000000,4132.88000000,4120.31000000,4130.39000000,678.52630000,1634827259999,2801123.85202200,1991,377.63620000,1559017.18159900,0
1634827260000,4130.39000000,4133.00000000,4129.32000000,4130.92000000,568.60880000,1634827319999,2349251.25324800,1593,327.07340000,1351383.80848500,0
1634827320000,4130.58000000,4132.42000000,4118.29000000,4123.99000000,731.23060000,1634827379999,3016819.52484100,2003,229.78690000,947669.28418200,0
1634827380000,4123.62000000,4131.20000000,4122.69000000,4131.15000000,374.67140000,1634827439999,1546752.13448000,1225,192.92030000,796430.67250500,0
1634827440000,4131.15000000,4137.07000000,4130.56000000,4136.44000000,621.83170000,1634827499999,2570727.05445000,2013,386.81580000,1598992.34928700,0
1634827500000,4136.44000000,4144.89000000,4132.55000000,4136.06000000,887.62340000,1634827559999,3673409.97069900,4165,551.23650000,2281339.65998400,0
1634827560000,4136.06000000,4138.00000000,4126.82000000,4127.64000000,552.80560000,1634827619999,2283872.67652300,1675,222.88920000,920862.85842800,0
1634827620000,4127.60000000,4127.85000000,4116.17000000,4126.25000000,812.00040000,1634827679999,3347028.71105500,2159,424.45090000,1749689.02465000,0
1634827680000,4126.26000000,4130.40000000,4123.21000000,4123.55000000,463.24900000,1634827739999,1911580.89345200,1291,204.12630000,842337.36303400,0
1634827740000,4123.55000000,4128.42000000,4120.00000000,4124.02000000,519.69100000,1634827799999,2143423.88894800,1243,231.95770000,956753.53586600,0
1634827800000,4124.03000000,4126.38000000,4118.60000000,4118.73000000,341.97560000,1634827859999,1409523.55864600,1227,131.89630000,543688.30911000,0
1634827860000,4118.74000000,4127.73000000,4117.21000000,4126.72000000,653.34250000,1634827919999,2693846.97890200,1343,286.81700000,1182419.81927200,0
1634827920000,4126.71000000,4128.75000000,4124.56000000,4125.61000000,487.93470000,1634827979999,2013537.65827400,946,190.22840000,785076.27068500,0
1634827980000,4125.61000000,4125.79000000,4113.03000000,4113.83000000,825.41720000,1634828039999,3399707.83294200,1670,286.62100000,1180632.76343800,0
1634828040000,4113.82000000,4116.00000000,4105.18000000,4110.37000000,1299.82390000,1634828099999,5343235.67850100,2817,627.95890000,2581404.54570300,0
1634828100000,4110.36000000,4120.92000000,4109.47000000,4120.91000000,522.84160000,1634828159999,2152100.15336200,1379,307.02000000,1263869.15329000,0
1634828160000,4120.91000000,4121.54000000,4112.04000000,4118.06000000,321.97760000,1634828219999,1325631.45175900,1069,123.83410000,509852.83193800,0
1634828220000,4118.05000000,4126.00000000,4118.05000000,4124.45000000,560.88560000,1634828279999,2312408.54863100,1362,340.97290000,1405803.88976500,0
1634828280000,4124.46000000,4125.60000000,4114.29000000,4115.18000000,371.37220000,1634828339999,1530436.61402600,1072,141.51770000,583371.13815400,0
1634828340000,4115.19000000,4117.26000000,4106.01000000,4114.58000000,614.30060000,1634828399999,2525300.05912400,1587,269.90970000,1109726.74807300,0
1634828400000,4114.37000000,4128.77000000,4108.00000000,4126.69000000,903.62210000,1634828459999,3724127.74150800,1833,482.34110000,1988029.18410400,0
1634828460000,4126.69000000,4129.90000000,4119.01000000,4126.53000000,756.40450000,1634828519999,3118184.31672500,1985,391.76670000,1614885.96501100,0
1634828520000,4126.53000000,4132.87000000,4125.12000000,4132.03000000,791.12010000,1634828579999,3266945.74424700,1771,268.17040000,1107548.49359200,0
1634828580000,4132.03000000,4133.89000000,4120.63000000,4122.44000000,696.72370000,1634828639999,2875420.56819100,1718,406.03150000,1675348.82889700,0
1634828640000,4122.45000000,4124.99000000,4108.81000000,4109.88000000,630.35750000,1634828699999,2595103.19004400,1592,265.15250000,1091877.08969400,0
1634828700000,4109.88000000,4114.26000000,4100.00000000,4100.97000000,1219.26850000,1634828759999,5005732.62902200,3089,423.25690000,1738790.18897700,0
1634828760000,4100.97000000,4103.41000000,4085.02000000,4085.03000000,2551.10740000,1634828819999,10450319.66211700,5305,762.17420000,3120746.49501400,0
1634828820000,4085.02000000,4088.41000000,4072.67000000,4086.94000000,2738.04880000,1634828879999,11174452.40625800,5671,1027.54670000,4193891.25421500,0
1634828880000,4086.94000000,4103.97000000,4086.94000000,4100.00000000,1432.88300000,1634828939999,5867942.20679500,3159,802.97590000,3288031.60645900,0
1634828940000,4100.01000000,4103.36000000,4088.00000000,4090.67000000,922.50980000,1634828999999,3780480.57788600,3783,347.34900000,1423123.46154700,0
1634829000000,4090.68000000,4090.68000000,4080.15000000,4088.48000000,1088.43250000,1634829059999,4446664.45800500,2441,365.62950000,1493372.44246700,0
1634829060000,4088.49000000,4089.00000000,4080.28000000,4083.03000000,852.49800000,1634829119999,3481786.74715600,2285,313.21850000,1279287.75420400,0
1634829120000,4083.03000000,4100.00000000,4081.49000000,4099.15000000,1134.55230000,1634829179999,4642592.06438400,2205,538.43040000,2203393.66678100,0
1634829180000,4099.15000000,4106.00000000,4092.41000000,4104.21000000,1248.74690000,1634829239999,5119661.91213300,2315,854.19230000,3502738.92212200,0
1634829240000,4104.21000000,4115.03000000,4103.60000000,4108.68000000,991.40740000,1634829299999,4073980.11947100,2497,566.41530000,2327563.15589500,0
1634829300000,4108.82000000,4114.92000000,4101.93000000,4108.03000000,593.67120000,1634829359999,2439328.20905100,1725,218.11650000,896256.79482000,0
1634829360000,4108.04000000,4111.00000000,4097.35000000,4100.02000000,602.40470000,1634829419999,2471588.12486800,1596,197.03550000,808311.12705500,0
1634829420000,4100.01000000,4101.67000000,4093.18000000,4096.59000000,756.36620000,1634829479999,3099622.70073100,1630,307.20540000,1258895.06853200,0
1634829480000,4096.59000000,4099.00000000,4081.54000000,4086.10000000,806.10520000,1634829539999,3297983.67583000,1972,327.41330000,1339727.40723300,0
1634829540000,4085.48000000,4090.81000000,4077.95000000,4082.34000000,967.88510000,1634829599999,3952495.12442500,2288,398.56410000,1627714.07255400,0
1634829600000,4082.33000000,4084.31000000,4072.67000000,4077.39000000,1013.92490000,1634829659999,4134716.12550600,2759,520.94720000,2124226.45057600,0
1634829660000,4077.39000000,4086.04000000,4076.42000000,4084.51000000,617.73490000,1634829719999,2520959.39536500,2013,280.55390000,1145009.87613700,0
1634829720000,4084.52000000,4096.00000000,4081.28000000,4094.62000000,558.34490000,1634829779999,2283964.93290300,1881,250.15060000,1023177.01293900,0
1634829780000,4094.62000000,4099.00000000,4090.00000000,4092.55000000,820.05620000,1634829839999,3356915.72781500,1874,299.47610000,1226126.02398200,0
1634829840000,4092.77000000,4097.25000000,4080.65000000,4083.65000000,798.27250000,1634829899999,3265388.19193100,1828,344.19190000,1407922.11452300,0
1634829900000,4083.65000000,4089.00000000,4077.08000000,4083.00000000,969.21200000,1634829959999,3956355.04590500,2173,343.55020000,1402512.08354800,0
1634829960000,4082.99000000,4093.20000000,4080.13000000,4089.58000000,614.58130000,1634830019999,2511928.10329500,1540,361.74710000,1478685.93145900,0
1634830020000,4089.58000000,4091.82000000,4075.21000000,4078.87000000,718.82830000,1634830079999,2936241.98501200,1772,226.17690000,923918.53278000,0
1634830080000,4078.89000000,4080.00000000,4050.05000000,4055.55000000,3511.45570000,1634830139999,14260313.28011600,8470,1259.63560000,5115306.01507400,0
1634830140000,4055.55000000,4055.71000000,4013.13000000,4034.58000000,7797.27880000,1634830199999,31461999.94589700,15696,2588.28700000,10442309.79663200,0
1634830200000,4034.58000000,4060.00000000,4021.51000000,4057.60000000,3778.44270000,1634830259999,15261068.88325300,6865,1784.27440000,7209290.90056300,0
1634830260000,4056.56000000,4069.83000000,4051.84000000,4062.35000000,1909.12300000,1634830319999,7750782.19174300,4335,1044.82870000,4242069.23560000,0
1634830320000,4062.36000000,4067.46000000,4039.15000000,4047.40000000,1230.59350000,1634830379999,4986985.00645500,3316,507.25480000,2055603.04035200,0
1634830380000,4048.59000000,4053.78000000,4030.07000000,4030.75000000,1527.96110000,1634830439999,6173151.12687900,3890,615.09510000,2486219.48644100,0
1634830440000,4030.73000000,4042.28000000,4025.00000000,4041.84000000,1504.53560000,1634830499999,6068539.59487500,3774,781.36890000,3151924.36489200,0
1634830500000,4041.84000000,4043.50000000,4027.64000000,4032.87000000,1458.26490000,1634830559999,5881828.37776700,3218,615.08290000,2481297.54142900,0
1634830560000,4032.86000000,4049.97000000,4030.98000000,4049.85000000,884.09470000,1634830619999,3574632.88321700,2495,511.22520000,2066935.94837800,0
1634830620000,4049.84000000,4055.57000000,4045.00000000,4052.94000000,844.78780000,1634830679999,3421237.97444900,2326,415.68690000,1683690.53466300,0
1634830680000,4052.94000000,4055.60000000,4047.28000000,4047.28000000,752.10330000,1634830739999,3047841.30956900,10404,329.77420000,1336585.63803600,0
1634830740000,4047.29000000,4064.59000000,4046.00000000,4062.47000000,814.25850000,1634830799999,3301994.57644300,5060,507.62030000,2058658.42451000,0
1634830800000,4062.46000000,4069.51000000,4061.30000000,4061.63000000,1069.60980000,1634830859999,4347995.27347100,3930,591.80950000,2405852.78533700,0
1634830860000,4062.05000000,4067.47000000,4057.26000000,4057.64000000,568.01740000,1634830919999,2306865.61421600,1976,327.19180000,1328945.77297000,0
1634830920000,4057.63000000,4058.87000000,4050.00000000,4055.98000000,646.76620000,1634830979999,2622129.17413100,1810,252.82540000,1024965.06475300,0
1634830980000,4055.98000000,4067.12000000,4052.02000000,4065.70000000,755.42610000,1634831039999,3067146.28563700,1827,436.35640000,1771696.89478100,0
1634831040000,4065.70000000,4074.10000000,4062.03000000,4065.02000000,1050.61920000,1634831099999,4273616.34446600,2482,588.69790000,2394730.97352700,0
1634831100000,4065.02000000,4084.79000000,4062.04000000,4079.56000000,1637.37500000,1634831159999,6673944.91315500,3342,748.21940000,3049166.82107400,0
1634831160000,4079.56000000,4084.61000000,4075.72000000,4079.42000000,810.43890000,1634831219999,3306889.26563400,2022,423.72950000,1728995.18587000,0
1634831220000,4079.43000000,4083.37000000,4073.27000000,4083.36000000,861.78320000,1634831279999,3514924.90706100,2107,468.35640000,1910277.84393800,0
1634831280000,4082.99000000,4088.90000000,4081.22000000,4087.99000000,523.44780000,1634831339999,2138494.70280200,1817,310.85120000,1269918.53581900,0
1634831340000,4088.00000000,4092.87000000,4085.12000000,4088.04000000,1147.53240000,1634831399999,4691822.24039500,2540,618.94150000,2530735.78185600,0
1634831400000,4088.04000000,4093.54000000,4085.01000000,4088.18000000,1176.98930000,1634831459999,4812812.15993900,2079,907.57740000,3711410.45702200,0
1634831460000,4088.69000000,4089.00000000,4080.34000000,4085.36000000,551.76910000,1634831519999,2254091.87025300,1758,206.29540000,842902.12126200,0
1634831520000,4085.50000000,4093.77000000,4084.50000000,4092.84000000,683.12550000,1634831579999,2793631.86875600,1842,416.12140000,1701777.45534600,0
1634831580000,4092.82000000,4099.99000000,4092.80000000,4097.98000000,768.67760000,1634831639999,3149699.99160700,2805,371.68910000,1522906.75894200,0
1634831640000,4097.98000000,4102.63000000,4092.60000000,4093.06000000,972.78630000,1634831699999,3986540.98923800,4453,648.60510000,2657981.31978100,0
1634831700000,4093.40000000,4097.66000000,4091.60000000,4093.62000000,544.94170000,1634831759999,2231276.79177900,1679,243.18670000,995797.70436700,0
1634831760000,4093.62000000,4095.00000000,4085.00000000,4091.91000000,772.32440000,1634831819999,3158321.14816600,1931,284.51560000,1163687.81393700,0
1634831820000,4091.93000000,4092.64000000,4083.53000000,4089.42000000,385.76430000,1634831879999,1576966.43662900,1462,240.69790000,983952.73684700,0
1634831880000,4089.15000000,4091.89000000,4081.86000000,4091.88000000,368.97690000,1634831939999,1508076.02860400,1325,192.20070000,785668.35425000,0
1634831940000,4091.89000000,4094.86000000,4086.35000000,4090.00000000,548.39860000,1634831999999,2243535.36719400,1238,215.60640000,882076.85918700,0
1634832000000,4090.00000000,4090.33000000,4080.14000000,4081.88000000,923.13590000,1634832059999,3771428.63252200,2209,427.29470000,1745853.71265000,0
1634832060000,4082.20000000,4099.97000000,4082.20000000,4099.27000000,1044.12450000,1634832119999,4271766.12110300,2148,565.14610000,2312492.49782100,0
1634832120000,4099.28000000,4107.71000000,4096.40000000,4106.87000000,1633.96560000,1634832179999,6703401.14671400,4265,738.30080000,3029672.89649100,0
1634832180000,4106.87000000,4115.00000000,4101.14000000,4111.75000000,1209.15620000,1634832239999,4970314.81690500,4287,851.24860000,3499299.13257600,0
1634832240000,4111.74000000,4115.76000000,4102.41000000,4109.49000000,1221.60240000,1634832299999,5020914.35937900,2843,532.87360000,2190509.82879100,0
1634832300000,4108.69000000,4109.91000000,4098.00000000,4100.05000000,717.25470000,1634832359999,2942897.93360500,2036,383.78180000,1574602.86232300,0
1634832360000,4100.06000000,4112.00000000,4098.91000000,4107.42000000,540.55230000,1634832419999,2219918.38932200,1226,358.39600000,1471991.67713200,0
1634832420000,4107.42000000,4116.00000000,4106.46000000,4113.54000000,591.43380000,1634832479999,2432249.28818600,1185,386.37580000,1589030.05515600,0
1634832480000,4113.55000000,4117.88000000,4112.40000000,4117.53000000,604.79130000,1634832539999,2488941.98082000,1475,363.57470000,1496306.76247500,0
1634832540000,4117.53000000,4119.00000000,4115.25000000,4115.65000000,894.29260000,1634832599999,3681818.03884200,1651,487.69620000,2007948.64660100,0
1634832600000,4115.66000000,4122.99000000,4115.66000000,4121.46000000,1012.94760000,1634832659999,4172690.71523900,2246,594.23640000,2448060.43388600,0
1634832660000,4121.46000000,4125.00000000,4119.43000000,4123.31000000,713.36440000,1634832719999,2940835.75890500,1618,369.31910000,1522469.36921600,0
1634832720000,4123.75000000,4129.03000000,4122.02000000,4124.48000000,1616.35630000,1634832779999,6668971.28805800,2012,1269.25860000,5236756.90456500,0
1634832780000,4124.78000000,4126.93000000,4122.67000000,4125.19000000,392.25990000,1634832839999,1617944.76384400,979,184.59340000,761414.05106600,0
1634832840000,4125.19000000,4130.28000000,4124.73000000,4130.28000000,568.85880000,1634832899999,2347780.07523300,1172,326.21020000,1346262.72449800,0
1634832900000,4130.32000000,4131.03000000,4116.04000000,4121.10000000,1705.81750000,1634832959999,7035848.93756600,2188,611.73050000,2522725.97027100,0
1634832960000,4121.04000000,4122.00000000,4109.37000000,4115.52000000,872.28150000,1634833019999,3589201.96603000,1784,389.62570000,1603206.35723900,0
1634833020000,4115.83000000,4118.87000000,4112.76000000,4113.49000000,299.33360000,1634833079999,1232026.20502000,923,134.99900000,555616.22145300,0
1634833080000,4113.49000000,4117.03000000,4112.27000000,4112.60000000,647.70210000,1634833139999,2665271.38726200,948,471.76630000,1941303.25217800,0
1634833140000,4112.58000000,4116.00000000,4108.69000000,4115.43000000,373.98390000,1634833199999,1537957.52449800,969,225.34490000,926671.14463100,0
1634833200000,4115.43000000,4120.00000000,4115.42000000,4119.99000000,190.49400000,1634833259999,784430.67133600,671,108.65430000,447479.52014500,0
1634833260000,4120.00000000,4125.00000000,4119.99000000,4124.53000000,177.94820000,1634833319999,733639.38063500,619,104.12530000,429300.96012400,0
1634833320000,4124.54000000,4129.44000000,4122.80000000,4127.27000000,473.65110000,1634833379999,1954429.72151500,1058,256.79590000,1059559.68468100,0
1634833380000,4127.01000000,4129.99000000,4126.03000000,4129.46000000,172.48490000,1634833439999,712049.43290200,668,78.91500000,325795.54056800,0
1634833440000,4129.47000000,4129.99000000,4124.05000000,4128.00000000,394.62150000,1634833499999,1628684.61258400,813,184.92000000,763256.14208200,0
1634833500000,4128.01000000,4128.04000000,4121.91000000,4126.23000000,268.34860000,1634833559999,1107058.48776100,807,130.18760000,537073.02891200,0
1634833560000,4126.11000000,4131.24000000,4124.59000000,4129.93000000,369.32480000,1634833619999,1524488.28975100,893,228.81960000,944504.48215000,0
1634833620000,4129.92000000,4135.00000000,4129.81000000,4134.59000000,361.62250000,1634833679999,1494427.81087100,1125,232.37820000,960317.73283200,0
1634833680000,4134.59000000,4137.88000000,4128.67000000,4132.20000000,1020.06590000,1634833739999,4215934.73229000,1948,495.88550000,2049741.12600600,0
1634833740000,4132.46000000,4135.60000000,4130.07000000,4132.15000000,314.26520000,1634833799999,1298914.55725000,1218,188.93730000,780909.09770300,0
1634833800000,4132.44000000,4133.95000000,4127.28000000,4128.84000000,460.16310000,1634833859999,1900519.84496700,1150,229.98170000,949784.99695000,0
1634833860000,4128.84000000,4128.84000000,4116.25000000,4117.94000000,1288.80810000,1634833919999,5313107.74422000,1885,329.13220000,1356554.57306400,0
1634833920000,4117.94000000,4121.00000000,4115.09000000,4118.12000000,411.48700000,1634833979999,1694531.71595400,994,228.42400000,940726.66834900,0
1634833980000,4118.13000000,4125.06000000,4117.53000000,4123.91000000,282.90180000,1634834039999,1165814.42724000,722,217.88360000,897846.45940800,0
1634834040000,4123.90000000,4129.13000000,4119.01000000,4119.56000000,373.30810000,1634834099999,1539413.18756100,963,209.95300000,865732.58371800,0
1634834100000,4119.56000000,4119.56000000,4115.00000000,4115.94000000,341.52990000,1634834159999,1405942.67211300,1019,165.21770000,680094.06368000,0
1634834160000,4115.51000000,4118.62000000,4112.81000000,4116.71000000,319.68570000,1634834219999,1315775.93673600,798,109.75420000,451792.92798400,0
1634834220000,4116.72000000,4119.55000000,4113.59000000,4116.69000000,195.88490000,1634834279999,806358.37197000,630,117.97230000,485635.11224200,0
1634834280000,4116.69000000,4121.95000000,4115.34000000,4118.90000000,343.05990000,1634834339999,1412775.36344200,717,175.94870000,724610.92804900,0
1634834340000,4118.90000000,4121.72000000,4116.45000000,4118.98000000,257.83290000,1634834399999,1062136.76608100,698,93.28490000,384280.64153700,0
1634834400000,4118.97000000,4123.00000000,4113.81000000,4119.80000000,566.31480000,1634834459999,2331888.90517000,953,276.89760000,1139821.50442200,0
1634834460000,4119.80000000,4119.80000000,4113.54000000,4114.03000000,234.06640000,1634834519999,963480.82420700,715,144.12220000,593276.08148200,0
1634834520000,4114.42000000,4114.42000000,4108.03000000,4108.31000000,914.22780000,1634834579999,3758893.22894400,1063,394.37070000,1621306.77853600,0
1634834580000,4108.31000000,4108.31000000,4098.09000000,4100.57000000,765.09110000,1634834639999,3138713.76418300,2042,232.94870000,955567.78756400,0
1634834640000,4100.57000000,4103.65000000,4099.14000000,4099.64000000,206.33370000,1634834699999,846296.86158500,646,92.78740000,380601.22846500,0
1634834700000,4099.86000000,4105.55000000,4098.79000000,4102.69000000,279.24480000,1634834759999,1145503.70873100,741,152.80060000,626743.26786300,0
1634834760000,4102.69000000,4103.00000000,4086.31000000,4088.69000000,568.79450000,1634834819999,2327870.91758500,1783,200.28480000,819721.59485100,0
1634834820000,4088.68000000,4089.47000000,4076.29000000,4083.54000000,941.63560000,1634834879999,3845165.05802600,2460,489.68660000,1999724.21369100,0
1634834880000,4084.09000000,4084.35000000,4075.39000000,4077.61000000,533.53210000,1634834939999,2176346.78603900,1413,199.56270000,814039.79943200,0
1634834940000,4077.62000000,4081.00000000,4073.08000000,4075.23000000,512.60760000,1634834999999,2090131.59738900,1774,267.53810000,1091027.07079100,0
1634835000000,4075.66000000,4083.07000000,4073.54000000,4082.32000000,510.94930000,1634835059999,2083820.21569500,1304,240.37990000,980371.28821600,0
1634835060000,4082.33000000,4091.11000000,4081.73000000,4091.10000000,269.72610000,1634835119999,1102182.78995600,1005,114.60470000,468407.87466300,0
1634835120000,4091.10000000,4094.61000000,4088.60000000,4093.15000000,262.77120000,1634835179999,1075148.95353600,852,121.31430000,496363.79021200,0
1634835180000,4093.02000000,4093.23000000,4084.22000000,4088.01000000,334.69920000,1634835239999,1368840.45314500,1118,136.71770000,559202.82062800,0
1634835240000,4088.01000000,4088.16000000,4081.17000000,4084.04000000,243.23700000,1634835299999,993440.83081500,753,106.78650000,436108.48076400,0
1634835300000,4084.03000000,4086.22000000,4081.41000000,4083.01000000,226.02040000,1634835359999,923099.00481800,732,89.07670000,363785.74257400,0
1634835360000,4083.00000000,4083.00000000,4070.00000000,4073.55000000,662.23610000,1634835419999,2699133.25282500,2346,289.52950000,1180277.53829200,0
1634835420000,4073.38000000,4075.42000000,4057.73000000,4058.80000000,1192.87560000,1634835479999,4848086.27805400,4265,569.04160000,2312397.99287800,0
1634835480000,4058.80000000,4067.56000000,4055.31000000,4058.87000000,659.73960000,1634835539999,2679547.01905200,2099,277.83630000,1128509.29659800,0
1634835540000,4058.88000000,4061.84000000,4055.67000000,4057.49000000,506.23250000,1634835599999,2054822.63444500,1344,137.25190000,557079.23649100,0
1634835600000,4057.50000000,4073.47000000,4051.85000000,4072.10000000,690.48860000,1634835659999,2805189.34871700,2747,359.23550000,1460114.38244100,0
1634835660000,4072.11000000,4086.00000000,4072.10000000,4085.99000000,628.95430000,1634835719999,2565578.56634200,2224,394.22120000,1608156.18481000,0
1634835720000,4085.99000000,4088.67000000,4080.38000000,4082.28000000,415.96510000,1634835779999,1699521.41138100,1594,212.29400000,867461.94161900,0
1634835780000,4082.83000000,4085.40000000,4077.45000000,4078.27000000,314.72480000,1634835839999,1284693.01965100,1126,150.06260000,612566.43616000,0
1634835840000,4078.61000000,4083.50000000,4075.01000000,4075.28000000,338.60220000,1634835899999,1380939.92373100,1055,162.63690000,663288.96595400,0
1634835900000,4075.29000000,4079.85000000,4074.58000000,4078.40000000,203.78960000,1634835959999,830853.71543400,765,122.76900000,500517.68649200,0
1634835960000,4078.39000000,4090.79000000,4078.02000000,4089.96000000,216.52010000,1634836019999,884784.39527400,825,146.75710000,599672.98172700,0
1634836020000,4089.30000000,4090.69000000,4085.00000000,4089.66000000,235.73640000,1634836079999,963786.68954900,878,150.66510000,615996.15127800,0
1634836080000,4089.66000000,4094.97000000,4089.02000000,4092.57000000,270.83540000,1634836139999,1108218.86804100,1161,141.56730000,579286.48078300,0
1634836140000,4092.58000000,4095.00000000,4090.29000000,4095.00000000,241.96770000,1634836199999,990313.82055400,943,127.19610000,520574.06822500,0
1634836200000,4094.99000000,4099.71000000,4092.75000000,4098.99000000,289.08950000,1634836259999,1184223.81663100,1404,197.40750000,808661.74839600,0
1634836260000,4098.99000000,4102.48000000,4096.24000000,4102.48000000,442.59920000,1634836319999,1814641.56169200,1338,305.80210000,1253799.86570600,0
1634836320000,4102.48000000,4103.00000000,4099.00000000,4099.79000000,251.50030000,1634836379999,1031324.16980200,975,113.75540000,466477.56475000,0
1634836380000,4099.79000000,4099.99000000,4094.00000000,4094.01000000,211.15520000,1634836439999,865150.96675300,877,99.32800000,406924.34351000,0
1634836440000,4094.00000000,4096.67000000,4092.58000000,4095.67000000,112.59210000,1634836499999,461063.27361300,666,62.08130000,254216.44513800,0
1634836500000,4095.67000000,4101.54000000,4095.18000000,4101.02000000,186.29370000,1634836559999,763727.02822600,641,130.15760000,533614.74491400,0
1634836560000,4101.01000000,4111.44000000,4098.70000000,4110.03000000,543.75150000,1634836619999,2232584.28991700,1932,327.58200000,1344988.45011200,0
1634836620000,4110.02000000,4111.96000000,4106.32000000,4107.60000000,304.14290000,1634836679999,1249841.15722600,1342,172.14460000,707356.87025300,0
1634836680000,4108.01000000,4109.51000000,4104.51000000,4106.03000000,307.81480000,1634836739999,1264209.97837000,917,142.08270000,583591.38211200,0
1634836740000,4106.04000000,4113.07000000,4106.00000000,4112.80000000,266.33650000,1634836799999,1094635.90437700,926,173.59560000,713417.50436300,0
1634836800000,4112.79000000,4116.01000000,4110.24000000,4116.00000000,272.26130000,1634836859999,1119846.49097100,1306,153.98620000,633337.75181700,0
1634836860000,4116.00000000,4116.02000000,4103.46000000,4103.84000000,344.73600000,1634836919999,1417185.76310200,1374,151.54490000,623012.90810000,0
1634836920000,4103.96000000,4106.61000000,4101.57000000,4105.85000000,415.77570000,1634836979999,1706435.87746800,1110,269.93880000,1107875.79958600,0
1634836980000,4105.86000000,4114.99000000,4103.72000000,4112.85000000,349.61410000,1634837039999,1436597.95303500,1310,227.33170000,934218.69247800,0
1634837040000,4112.85000000,4118.37000000,4112.85000000,4116.23000000,373.10060000,1634837099999,1535779.61369600,975,176.36380000,725955.99757300,0
1634837100000,4116.08000000,4116.27000000,4100.33000000,4101.49000000,468.05670000,1634837159999,1922575.70701200,1484,148.94230000,612013.75461900,0
1634837160000,4101.49000000,4104.58000000,4098.89000000,4104.58000000,301.37920000,1634837219999,1236391.20954000,763,197.83030000,811671.24423000,0
1634837220000,4104.57000000,4104.58000000,4093.64000000,4098.69000000,1223.68770000,1634837279999,5012805.56069700,1190,704.21140000,2884204.67527700,0
1634837280000,4098.70000000,4100.94000000,4096.75000000,4099.45000000,398.29370000,1634837339999,1632659.09641900,646,220.13060000,902314.29382900,0
1634837340000,4099.45000000,4099.45000000,4090.48000000,4090.63000000,578.69930000,1634837399999,2368651.15183800,1109,343.50110000,1406011.89168100,0
1634837400000,4090.51000000,4096.27000000,4076.36000000,4076.36000000,625.83350000,1634837459999,2556614.10666500,1578,287.60280000,1174778.97079700,0
1634837460000,4076.36000000,4082.38000000,4075.00000000,4081.32000000,486.84660000,1634837519999,1985862.41015400,1091,243.59430000,993638.68202500,0
1634837520000,4081.31000000,4089.10000000,4079.95000000,4086.72000000,338.92770000,1634837579999,1383946.22400400,805,156.80900000,640401.39485800,0
1634837580000,4086.73000000,4094.71000000,4086.72000000,4088.82000000,271.58430000,1634837639999,1110910.05096400,813,151.38140000,619228.01979200,0
1634837640000,4088.82000000,4088.90000000,4081.71000000,4086.45000000,234.27180000,1634837699999,956927.30144000,723,98.03230000,400417.05712400,0
1634837700000,4086.46000000,4087.31000000,4080.67000000,4081.66000000,291.00910000,1634837759999,1188418.77929000,781,161.48340000,659538.08814200,0
1634837760000,4081.66000000,4085.87000000,4079.41000000,4081.22000000,249.59460000,1634837819999,1018881.77867100,679,97.44930000,397802.92888100,0
1634837820000,4081.19000000,4083.09000000,4078.69000000,4082.54000000,203.18940000,1634837879999,829231.43665600,575,113.76680000,464284.14574800,0
1634837880000,4082.53000000,4083.63000000,4078.25000000,4078.61000000,235.02500000,1634837939999,959207.10886800,599,120.82640000,493131.66188200,0
1634837940000,4078.60000000,4081.96000000,4076.00000000,4079.37000000,264.98750000,1634837999999,1080727.58787800,710,145.41370000,593070.04739600,0
1634838000000,4079.37000000,4079.43000000,4074.57000000,4075.65000000,233.46330000,1634838059999,951684.32554400,694,135.15550000,550947.72954400,0
1634838060000,4075.64000000,4076.51000000,4067.17000000,4071.54000000,506.36850000,1634838119999,2061958.31603300,1382,182.77830000,744331.86919500,0
1634838120000,4071.00000000,4076.64000000,4071.00000000,4076.64000000,201.93950000,1634838179999,822542.74158500,672,118.86750000,484152.61415500,0
1634838180000,4076.64000000,4081.70000000,4076.11000000,4080.72000000,350.68120000,1634838239999,1430444.90910200,925,234.21490000,955332.92610800,0
1634838240000,4080.50000000,4080.62000000,4071.86000000,4073.35000000,256.95470000,1634838299999,1047777.64029600,730,134.37500000,547968.07058300,0
1634838300000,4073.35000000,4074.00000000,4068.65000000,4069.93000000,300.70680000,1634838359999,1224225.92309600,769,119.09310000,484859.61499200,0
1634838360000,4069.93000000,4077.62000000,4068.77000000,4077.62000000,193.00780000,1634838419999,786112.76736700,633,102.84550000,418892.41861600,0
1634838420000,4077.61000000,4077.91000000,4067.20000000,4067.76000000,267.28710000,1634838479999,1088844.06590500,759,129.96300000,529455.98112800,0
1634838480000,4067.75000000,4068.73000000,4053.80000000,4057.02000000,1141.64520000,1634838539999,4636237.57749300,3204,620.39180000,2519317.68870000,0
1634838540000,4057.00000000,4066.54000000,4056.74000000,4061.68000000,584.68240000,1634838599999,2374550.88742900,1442,221.97330000,901391.58336400,0
1634838600000,4061.67000000,4065.00000000,4058.17000000,4064.20000000,558.16420000,1634838659999,2267028.98299400,1243,187.02600000,759657.53565400,0
1634838660000,4064.42000000,4070.40000000,4060.93000000,4069.77000000,275.27170000,1634838719999,1119371.62547300,924,165.29540000,672129.04483800,0
1634838720000,4069.76000000,4069.77000000,4060.22000000,4060.22000000,249.74000000,1634838779999,1015283.85056600,669,142.90880000,581032.80572500,0
1634838780000,4060.75000000,4060.82000000,4051.14000000,4051.14000000,405.41030000,1634838839999,1644473.71886900,1435,165.13290000,669887.11306600,0
1634838840000,4051.89000000,4054.42000000,4044.61000000,4047.72000000,1009.16760000,1634838899999,4086689.32657200,6472,315.68840000,1278400.15924800,0
1634838900000,4047.73000000,4052.27000000,4046.03000000,4051.41000000,365.89440000,1634838959999,1481735.19247500,969,165.60160000,670620.81619100,0
1634838960000,4051.41000000,4059.19000000,4050.71000000,4058.27000000,246.81290000,1634839019999,1000512.93082300,963,163.31710000,661993.99110000,0
1634839020000,4057.85000000,4058.67000000,4054.85000000,4054.89000000,219.80850000,1634839079999,891611.18442500,819,138.40360000,561391.88894600,0
1634839080000,4054.99000000,4055.21000000,4043.70000000,4047.75000000,338.89410000,1634839139999,1371717.32984000,1324,154.46480000,625248.17849900,0
1634839140000,4047.74000000,4051.01000000,4043.36000000,4046.30000000,502.75950000,1634839199999,2034517.33928500,1094,301.50720000,1220015.37169200,0
1634839200000,4046.31000000,4059.82000000,4045.67000000,4057.85000000,594.86900000,1634839259999,2411782.18182500,1318,322.40020000,1307115.20615400,0
1634839260000,4057.85000000,4060.74000000,4051.74000000,4060.02000000,285.50680000,1634839319999,1158167.14471200,946,154.44630000,626540.07851400,0
1634839320000,4060.02000000,4067.94000000,4058.90000000,4067.73000000,281.29510000,1634839379999,1143077.30405800,1099,173.55530000,705277.44525100,0
1634839380000,4067.44000000,4069.95000000,4062.14000000,4068.80000000,804.72200000,1634839439999,3271866.00731400,1442,474.42620000,1928937.64049700,0
1634839440000,4068.80000000,4069.31000000,4065.53000000,4069.15000000,261.04140000,1634839499999,1061722.25180500,732,172.99230000,703598.85513700,0
1634839500000,4069.14000000,4075.67000000,4067.60000000,4075.67000000,216.01250000,1634839559999,879179.83852700,921,132.95950000,541137.26529300,0
1634839560000,4075.67000000,4083.88000000,4075.67000000,4079.02000000,1166.33900000,1634839619999,4758876.62678900,1774,549.32050000,2241478.52985100,0
1634839620000,4078.99000000,4082.70000000,4072.19000000,4078.01000000,528.38590000,1634839679999,2154771.90506100,929,369.99410000,1508984.21903700,0
1634839680000,4077.74000000,4094.46000000,4075.00000000,4090.60000000,802.92830000,1634839739999,3281415.34926300,1961,502.65500000,2054233.35438400,0
1634839740000,4090.60000000,4090.63000000,4085.16000000,4087.71000000,369.51580000,1634839799999,1510438.32230100,700,218.40350000,892691.92605500,0
1634839800000,4087.71000000,4093.38000000,4085.00000000,4092.65000000,373.20270000,1634839859999,1526247.52246400,929,237.85120000,972724.80107300,0
1634839860000,4092.65000000,4094.44000000,4090.76000000,4092.68000000,215.11000000,1634839919999,880391.39520500,683,134.35820000,549903.22690800,0
1634839920000,4092.68000000,4096.72000000,4092.11000000,4092.99000000,255.63890000,1634839979999,1046698.44911900,874,165.65790000,678274.73550400,0
1634839980000,4093.04000000,4093.04000000,4086.13000000,4088.72000000,435.45690000,1634840039999,1780639.77012900,834,204.22030000,835156.81952400,0
1634840040000,4088.72000000,4091.53000000,4085.79000000,4087.81000000,260.48450000,1634840099999,1064933.91338500,593,141.68400000,579288.95506300,0
1634840100000,4087.81000000,4100.00000000,4087.80000000,4099.09000000,381.13240000,1634840159999,1560398.56521300,898,272.02500000,1113746.33483700,0
1634840160000,4099.09000000,4100.00000000,4094.99000000,4097.60000000,317.04040000,1634840219999,1299101.69306200,956,193.87570000,794508.07607800,0
1634840220000,4097.59000000,4100.74000000,4096.00000000,4100.74000000,164.74220000,1634840279999,675297.31176800,571,114.12970000,467837.66578900,0
1634840280000,4100.74000000,4103.98000000,4098.66000000,4103.45000000,332.83370000,1634840339999,1364881.77371900,4217,166.45150000,682595.27434000,0
1634840340000,4102.30000000,4106.18000000,4102.06000000,4104.36000000,366.54600000,1634840399999,1504386.30997900,1079,253.26320000,1039440.93584000,0
1634840400000,4104.36000000,4104.82000000,4100.00000000,4100.52000000,311.11850000,1634840459999,1276421.92376300,871,184.34030000,756328.56157200,0
1634840460000,4100.52000000,4103.64000000,4097.74000000,4097.75000000,291.95850000,1634840519999,1197207.55296300,724,162.80410000,667614.07127700,0
1634840520000,4097.75000000,4100.76000000,4093.02000000,4096.44000000,213.11530000,1634840579999,872966.28272200,633,149.68710000,613178.49836800,0
1634840580000,4096.45000000,4096.98000000,4092.78000000,4095.58000000,266.06920000,1634840639999,1089411.80543000,568,113.89540000,466370.66597100,0
1634840640000,4095.59000000,4096.42000000,4089.48000000,4093.18000000,197.07350000,1634840699999,806488.76481400,526,94.99130000,388739.25994100,0
1634840700000,4093.26000000,4098.98000000,4092.61000000,4095.76000000,210.63740000,1634840759999,862847.90869400,501,136.09970000,557545.31225800,0
1634840760000,4095.75000000,4096.10000000,4092.00000000,4093.00000000,246.20930000,1634840819999,1008028.96363400,540,151.15340000,618887.29623300,0
1634840820000,4093.30000000,4101.45000000,4091.51000000,4101.45000000,388.88920000,1634840879999,1593262.62917400,627,309.51580000,1268108.97171300,0
1634840880000,4101.44000000,4107.99000000,4101.44000000,4106.31000000,485.92710000,1634840939999,1995005.95909400,976,319.20920000,1310540.55634300,0
1634840940000,4106.30000000,4109.41000000,4106.00000000,4106.49000000,312.40110000,1634840999999,1283128.55728000,695,211.74290000,869634.83042700,0
1634841000000,4106.48000000,4109.13000000,4102.28000000,4107.03000000,303.43780000,1634841059999,1245903.48565400,869,165.02070000,677538.50340800,0
1634841060000,4107.02000000,4107.70000000,4100.51000000,4103.83000000,408.37490000,1634841119999,1676203.55083500,621,177.81440000,729888.68255900,0
1634841120000,4103.82000000,4103.82000000,4095.57000000,4098.80000000,233.60870000,1634841179999,957536.01115000,601,94.70990000,388257.48153900,0
1634841180000,4098.80000000,4098.99000000,4095.10000000,4098.15000000,269.30440000,1634841239999,1103491.98143500,553,110.62090000,453320.65222300,0
1634841240000,4098.16000000,4098.34000000,4093.01000000,4093.05000000,202.40320000,1634841299999,828939.05116000,497,124.65410000,510500.59758300,0
1634841300000,4093.05000000,4097.64000000,4091.75000000,4097.41000000,242.53720000,1634841359999,993070.72222000,546,151.31090000,619573.46713800,0
1634841360000,4097.28000000,4097.58000000,4092.50000000,4094.20000000,347.41600000,1634841419999,1422583.28923900,748,197.88040000,810238.56403200,0
1634841420000,4094.21000000,4095.42000000,4090.00000000,4092.42000000,373.02330000,1634841479999,1526649.59762400,654,244.13790000,999284.00921500,0
1634841480000,4092.41000000,4093.79000000,4085.00000000,4085.84000000,407.31020000,1634841539999,1665388.49472400,718,218.32700000,892659.06178200,0
1634841540000,4085.88000000,4086.90000000,4077.78000000,4080.56000000,302.54140000,1634841599999,1235044.09076800,854,147.14070000,600768.39234600,0
1634841600000,4080.56000000,4084.49000000,4078.65000000,4084.21000000,522.79080000,1634841659999,2133233.89850900,722,289.90460000,1182999.49074100,0
1634841660000,4084.21000000,4084.99000000,4079.22000000,4079.23000000,200.94740000,1634841719999,820392.74082900,418,93.47130000,381664.83391500,0
1634841720000,4079.22000000,4083.00000000,4078.14000000,4079.24000000,196.82450000,1634841779999,803366.46254700,364,69.30460000,282844.50276100,0
1634841780000,4079.23000000,4082.64000000,4076.54000000,4078.01000000,179.13770000,1634841839999,730656.39951000,470,125.54320000,512009.53546400,0
1634841840000,4078.01000000,4079.95000000,4076.49000000,4077.72000000,142.68400000,1634841899999,581938.28991300,402,79.93820000,326006.61876600,0
1634841900000,4077.69000000,4078.17000000,4073.91000000,4074.19000000,219.84870000,1634841959999,896078.63006800,615,118.25330000,481976.40034300,0
1634841960000,4074.19000000,4077.90000000,4073.44000000,4076.42000000,231.43080000,1634842019999,943194.82553900,534,162.74680000,663247.59164700,0
1634842020000,4076.42000000,4084.95000000,4076.06000000,4084.44000000,198.51880000,1634842079999,810221.53657000,473,137.70680000,562034.59178400,0
1634842080000,4084.43000000,4089.06000000,4082.69000000,4087.02000000,210.62240000,1634842139999,860667.81387200,447,146.15170000,597252.11704400,0
1634842140000,4087.02000000,4090.30000000,4084.92000000,4086.88000000,250.40560000,1634842199999,1023676.26453000,480,148.00480000,605062.71372900,0
1634842200000,4086.89000000,4086.89000000,4076.00000000,4076.11000000,271.14580000,1634842259999,1106874.23986900,704,148.81800000,607548.12399600,0
1634842260000,4076.42000000,4076.59000000,4072.02000000,4073.57000000,363.25240000,1634842319999,1480009.33251500,703,227.66830000,927646.89648700,0
1634842320000,4073.55000000,4073.55000000,4068.19000000,4070.00000000,490.20100000,1634842379999,1995432.50836100,857,160.74270000,654273.35133900,0
1634842380000,4070.00000000,4070.02000000,4067.56000000,4067.56000000,253.63230000,1634842439999,1032049.92865000,526,115.74180000,470971.48582800,0
1634842440000,4067.60000000,4070.43000000,4067.10000000,4067.82000000,187.39250000,1634842499999,762384.67287600,486,139.84240000,568923.92019600,0
1634842500000,4067.81000000,4071.95000000,4064.55000000,4071.78000000,624.98960000,1634842559999,2541951.28473900,906,229.72330000,934317.30290200,0
1634842560000,4071.94000000,4073.54000000,4062.31000000,4064.48000000,325.32000000,1634842619999,1323589.61452200,872,149.34470000,607571.29979900,0
1634842620000,4064.38000000,4064.62000000,4057.02000000,4062.77000000,354.14240000,1634842679999,1438175.88937300,1006,167.59730000,680547.83338300,0
1634842680000,4062.77000000,4064.86000000,4055.60000000,4058.80000000,331.84760000,1634842739999,1347581.57780200,962,164.28780000,667145.18405300,0
1634842740000,4058.98000000,4064.86000000,4056.15000000,4063.15000000,370.50430000,1634842799999,1504436.16750500,691,260.25260000,1056670.96648400,0
1634842800000,4063.16000000,4073.55000000,4061.12000000,4071.78000000,335.72570000,1634842859999,1366084.80852200,710,232.49560000,946003.75741200,0
1634842860000,4071.78000000,4081.96000000,4071.05000000,4080.00000000,345.22140000,1634842919999,1407269.04078700,836,223.37670000,910562.56046300,0
1634842920000,4080.01000000,4087.90000000,4079.41000000,4087.89000000,355.28370000,1634842979999,1450345.90863300,777,207.88880000,848654.58099800,0
1634842980000,4087.89000000,4089.57000000,4085.21000000,4087.27000000,344.11990000,1634843039999,1406460.71162400,720,197.34120000,806553.86105300,0
1634843040000,4087.27000000,4090.66000000,4083.11000000,4088.32000000,269.20750000,1634843099999,1100237.92752500,674,181.73120000,742634.99441400,0
1634843100000,4088.31000000,4090.61000000,4083.96000000,4090.00000000,212.15490000,1634843159999,867208.86574700,592,128.12170000,523671.26859600,0
1634843160000,4090.00000000,4101.00000000,4088.96000000,4100.79000000,534.53370000,1634843219999,2188909.50236900,1379,330.02270000,1351698.25744800,0
1634843220000,4100.79000000,4104.99000000,4099.76000000,4104.73000000,649.06010000,1634843279999,2662710.65481400,1261,237.89820000,976014.74784000,0
1634843280000,4104.87000000,4109.24000000,4100.25000000,4104.18000000,651.39850000,1634843339999,2673982.06633400,1331,410.16640000,1683781.96223500,0
1634843340000,4104.17000000,4104.17000000,4097.30000000,4102.98000000,338.95900000,1634843399999,1389929.52463200,778,212.06340000,869581.30810000,0
1634843400000,4102.98000000,4102.98000000,4092.84000000,4097.09000000,381.21100000,1634843459999,1562279.97970600,898,264.60120000,1084352.83879200,0
1634843460000,4097.00000000,4097.00000000,4092.19000000,4093.67000000,224.65120000,1634843519999,919859.63210200,505,117.37680000,480549.20689100,0
1634843520000,4093.39000000,4098.29000000,4091.13000000,4098.28000000,644.63110000,1634843579999,2639700.95012600,703,350.56460000,1435288.55827700,0
1634843580000,4098.28000000,4101.00000000,4095.59000000,4097.61000000,228.25550000,1634843639999,935395.10650300,526,134.49880000,551137.56235800,0
1634843640000,4097.51000000,4103.00000000,4097.51000000,4102.66000000,240.63900000,1634843699999,986842.40669400,575,174.73000000,716493.89752900,0
1634843700000,4102.65000000,4103.97000000,4097.03000000,4098.09000000,241.18380000,1634843759999,989006.15956400,532,153.83310000,630828.68632400,0
1634843760000,4098.10000000,4099.61000000,4095.55000000,4098.56000000,208.04430000,1634843819999,852413.18017800,486,129.46050000,530424.08926000,0
1634843820000,4098.56000000,4098.57000000,4093.52000000,4093.52000000,109.71440000,1634843879999,449318.48476000,356,54.32170000,222462.17722100,0
1634843880000,4093.53000000,4095.00000000,4091.13000000,4094.48000000,206.95610000,1634843939999,847181.43975400,445,156.36850000,640102.97548200,0
1634843940000,4094.47000000,4095.96000000,4088.00000000,4088.65000000,300.28430000,1634843999999,1228341.33140700,751,131.48660000,537897.39170500,0
1634844000000,4088.66000000,4091.68000000,4085.72000000,4087.04000000,438.76840000,1634844059999,1794267.77790100,622,153.51840000,627721.12637800,0
1634844060000,4087.04000000,4095.97000000,4086.78000000,4094.09000000,254.83500000,1634844119999,1042185.42271400,447,182.47500000,746172.91568500,0
1634844120000,4094.09000000,4094.53000000,4081.85000000,4083.31000000,646.05940000,1634844179999,2640577.43266400,1122,228.15000000,932336.72062900,0
1634844180000,4083.27000000,4093.87000000,4081.16000000,4093.36000000,568.71030000,1634844239999,2324778.95475900,991,293.04510000,1197886.77229400,0
1634844240000,4093.37000000,4098.01000000,4093.03000000,4093.03000000,206.14470000,1634844299999,844144.70079900,461,141.74510000,580395.15205200,0
1634844300000,4093.04000000,4101.49000000,4092.15000000,4099.52000000,465.68830000,1634844359999,1908161.75090900,798,308.43180000,1263727.98310500,0
1634844360000,4099.53000000,4103.38000000,4098.70000000,4101.78000000,303.40660000,1634844419999,1244485.00998800,581,226.57630000,929340.47563900,0
1634844420000,4101.78000000,4106.72000000,4098.81000000,4106.23000000,272.48830000,1634844479999,1117630.52735600,572,205.55960000,843126.05007300,0
1634844480000,4106.23000000,4109.25000000,4105.06000000,4108.70000000,297.39590000,1634844539999,1221392.92154000,627,198.12250000,813656.93216800,0
1634844540000,4108.70000000,4115.00000000,4106.88000000,4108.64000000,880.93890000,1634844599999,3621091.52930900,2044,545.64020000,2242892.92170900,0
1634844600000,4108.65000000,4113.25000000,4108.03000000,4108.39000000,360.25920000,1634844659999,1480748.51921300,697,226.96530000,932898.79446800,0
1634844660000,4108.45000000,4113.23000000,4108.08000000,4112.81000000,266.52410000,1634844719999,1095699.37266300,549,159.51420000,655726.85311200,0
1634844720000,4112.82000000,4113.26000000,4110.00000000,4111.29000000,151.75590000,1634844779999,623999.78806800,371,71.25220000,292976.82608500,0
1634844780000,4111.30000000,4116.78000000,4109.48000000,4116.65000000,318.05280000,1634844839999,1308101.81228600,643,136.68520000,562316.77554400,0
1634844840000,4116.65000000,4119.13000000,4113.96000000,4115.44000000,356.92230000,1634844899999,1469267.06289500,1092,170.69740000,702708.84414900,0
1634844900000,4115.44000000,4116.77000000,4110.40000000,4111.41000000,268.23050000,1634844959999,1103304.55036800,567,133.13060000,547618.39325300,0
1634844960000,4111.42000000,4111.42000000,4101.30000000,4108.38000000,496.18100000,1634845019999,2037447.11992100,1025,128.95020000,529440.91462700,0
1634845020000,4108.39000000,4110.30000000,4106.38000000,4107.34000000,116.35670000,1634845079999,477944.31602100,378,71.14220000,292222.00176900,0
1634845080000,4107.34000000,4111.05000000,4099.42000000,4104.89000000,586.30050000,1634845139999,2406176.01182600,956,261.93380000,1074758.99214600,0
1634845140000,4104.89000000,4104.89000000,4101.43000000,4103.65000000,162.44050000,1634845199999,666555.52145700,386,83.36170000,342035.49750500,0
1634845200000,4103.48000000,4104.49000000,4097.00000000,4099.84000000,482.68010000,1634845259999,1979253.79305200,836,243.60060000,998946.55771100,0
1634845260000,4099.84000000,4105.89000000,4099.05000000,4105.19000000,256.30600000,1634845319999,1051790.43369100,574,151.24690000,620606.62099500,0
1634845320000,4105.20000000,4105.94000000,4101.37000000,4101.38000000,63.73490000,1634845379999,261621.02508400,264,21.04760000,86405.19868500,0
1634845380000,4101.37000000,4104.91000000,4101.37000000,4104.02000000,140.47290000,1634845439999,576450.81828900,370,68.60070000,281517.46455900,0
1634845440000,4104.02000000,4108.99000000,4100.17000000,4108.99000000,302.09940000,1634845499999,1239635.67228600,574,191.29890000,784937.69701000,0
1634845500000,4108.99000000,4109.00000000,4101.55000000,4102.42000000,127.59120000,1634845559999,523768.54408300,362,93.58780000,384160.87537600,0
1634845560000,4102.42000000,4102.42000000,4097.52000000,4098.78000000,285.81020000,1634845619999,1171456.81975800,519,178.89230000,733159.28627900,0
1634845620000,4098.79000000,4098.79000000,4091.97000000,4094.03000000,262.24400000,1634845679999,1073931.81178800,685,72.75750000,297918.36494800,0
1634845680000,4094.35000000,4095.59000000,4089.15000000,4089.97000000,171.82200000,1634845739999,703051.40851800,531,66.75960000,273194.20400100,0
1634845740000,4089.51000000,4091.29000000,4085.32000000,4086.79000000,252.43360000,1634845799999,1032137.29970000,749,74.36210000,304056.07617400,0
1634845800000,4086.78000000,4090.53000000,4080.78000000,4083.03000000,397.30650000,1634845859999,1622910.41057300,835,178.98690000,731200.26233100,0
1634845860000,4083.19000000,4087.31000000,4066.58000000,4070.88000000,1931.06670000,1634845919999,7868372.62793000,2853,834.38140000,3398948.24912600,0
1634845920000,4070.88000000,4075.14000000,4068.93000000,4072.74000000,581.13610000,1634845979999,2366189.74770200,957,264.57070000,1077180.07838800,0
1634845980000,4072.75000000,4080.63000000,4072.75000000,4077.25000000,352.87270000,1634846039999,1438493.61408400,801,150.80720000,614676.85520100,0
1634846040000,4077.31000000,4081.83000000,4075.17000000,4079.58000000,306.04200000,1634846099999,1248492.72982500,714,168.29060000,686543.27250600,0
1634846100000,4079.58000000,4083.37000000,4076.54000000,4077.03000000,367.22660000,1634846159999,1498470.58920200,847,142.59580000,581929.46721800,0
1634846160000,4077.03000000,4079.45000000,4071.22000000,4071.23000000,611.13200000,1634846219999,2489849.68794300,991,337.02530000,1373107.12407400,0
1634846220000,4071.22000000,4073.55000000,4065.66000000,4067.96000000,881.46440000,1634846279999,3586075.91714900,998,446.25570000,1815187.04682900,0
1634846280000,4067.95000000,4074.44000000,4067.95000000,4071.36000000,356.00580000,1634846339999,1449638.61096200,620,201.29410000,819679.43492500,0
1634846340000,4071.68000000,4083.32000000,4069.32000000,4080.55000000,418.93250000,1634846399999,1707621.18366200,990,171.02470000,697274.61989100,0
1634846400000,4080.51000000,4087.26000000,4078.23000000,4084.70000000,272.27590000,1634846459999,1111865.44026100,744,145.28050000,593277.87598800,0
1634846460000,4085.11000000,4085.31000000,4080.00000000,4081.93000000,123.89180000,1634846519999,505694.08301500,680,72.98010000,297849.79197900,0
1634846520000,4081.93000000,4089.99000000,4080.11000000,4081.97000000,208.65170000,1634846579999,852215.87708600,825,71.13280000,290658.24046500,0
1634846580000,4081.96000000,4081.96000000,4072.00000000,4072.70000000,262.77060000,1634846639999,1071243.23413300,864,116.97750000,476781.90670700,0
1634846640000,4072.71000000,4074.17000000,4064.00000000,4067.56000000,306.86520000,1634846699999,1248501.09502000,1146,120.56720000,490522.16946800,0
1634846700000,4067.56000000,4070.73000000,4065.00000000,4067.47000000,315.63030000,1634846759999,1283697.78844300,989,168.28980000,684443.07729800,0
1634846760000,4067.61000000,4070.92000000,4065.45000000,4067.31000000,121.37580000,1634846819999,493702.48529600,593,73.23630000,297905.37599400,0
1634846820000,4067.32000000,4068.39000000,4063.45000000,4065.40000000,175.85640000,1634846879999,714985.25276100,874,84.26040000,342592.57059900,0
1634846880000,4065.41000000,4067.31000000,4061.14000000,4061.57000000,258.05740000,1634846939999,1048801.07986800,969,116.45460000,473346.23293000,0
1634846940000,4061.17000000,4068.91000000,4061.17000000,4068.10000000,159.42120000,1634846999999,648089.61884700,730,87.62230000,356175.98436300,0
1634847000000,4068.18000000,4070.00000000,4065.26000000,4069.68000000,86.15560000,1634847059999,350517.71754300,450,44.43100000,180768.44246400,0
1634847060000,4069.69000000,4077.76000000,4069.68000000,4077.76000000,171.28460000,1634847119999,697687.90195300,843,95.63720000,389552.83243300,0
1634847120000,4077.76000000,4078.93000000,4075.01000000,4075.68000000,207.36120000,1634847179999,845352.41865000,522,99.54780000,405819.72579500,0
1634847180000,4075.68000000,4080.53000000,4075.03000000,4079.57000000,147.20890000,1634847239999,600270.20244400,587,73.26170000,298771.51114100,0
1634847240000,4079.57000000,4080.22000000,4077.52000000,4079.08000000,101.19970000,1634847299999,412787.01940800,463,53.25880000,217231.35076000,0
1634847300000,4079.08000000,4082.42000000,4079.07000000,4080.08000000,77.00570000,1634847359999,314248.14006200,555,34.29570000,139954.78004700,0
1634847360000,4080.08000000,4080.08000000,4072.04000000,4072.05000000,134.34790000,1634847419999,547562.79700600,468,68.21720000,278062.14394900,0
1634847420000,4072.06000000,4073.22000000,4067.42000000,4069.44000000,270.59740000,1634847479999,1101266.16296400,829,121.91120000,496108.80789000,0
1634847480000,4069.38000000,4071.29000000,4066.67000000,4069.16000000,136.92050000,1634847539999,557083.62366800,450,85.86310000,349325.73432000,0
1634847540000,4069.16000000,4069.96000000,4062.76000000,4064.32000000,320.27540000,1634847599999,1302391.06300600,853,76.68460000,311769.48172400,0
1634847600000,4064.31000000,4074.04000000,4064.07000000,4071.83000000,232.76200000,1634847659999,947491.28535400,548,193.82710000,789000.53929300,0
1634847660000,4072.13000000,4075.99000000,4069.35000000,4074.78000000,497.55550000,1634847719999,2026667.91832900,791,330.78710000,1347428.50446900,0
1634847720000,4075.01000000,4076.19000000,4071.68000000,4076.17000000,78.73180000,1634847779999,320762.25168300,405,38.89470000,158461.82396100,0
1634847780000,4076.16000000,4080.07000000,4073.96000000,4079.43000000,108.00120000,1634847839999,440282.92459400,647,49.53600000,201918.20952400,0
1634847840000,4079.43000000,4096.47000000,4079.43000000,4096.33000000,528.74100000,1634847899999,2162154.82525300,1241,423.09830000,1730272.11764300,0
1634847900000,4096.34000000,4097.41000000,4082.23000000,4082.52000000,292.57260000,1634847959999,1196943.88507800,912,107.80370000,441089.74533100,0
1634847960000,4082.24000000,4083.92000000,4071.11000000,4071.95000000,229.20060000,1634848019999,934653.00952700,811,106.90280000,435999.33077000,0
1634848020000,4071.96000000,4071.96000000,4063.33000000,4068.66000000,496.04350000,1634848079999,2017486.81684200,1175,149.64140000,608565.81934200,0
1634848080000,4068.66000000,4072.91000000,4065.63000000,4072.90000000,144.41580000,1634848139999,587754.38696900,492,55.69320000,226642.37804400,0
1634848140000,4072.90000000,4073.12000000,4068.32000000,4070.75000000,70.70770000,1634848199999,287837.50580100,643,34.73190000,141374.36719200,0
1634848200000,4070.75000000,4073.59000000,4061.55000000,4062.00000000,474.09010000,1634848259999,1927951.51620400,1085,231.10020000,939547.52221000,0
1634848260000,4062.01000000,4070.83000000,4059.00000000,4070.83000000,350.68330000,1634848319999,1424899.14783200,1189,150.57340000,611980.93188300,0
1634848320000,4070.82000000,4081.11000000,4067.78000000,4079.00000000,227.82850000,1634848379999,928367.83039400,785,139.10270000,566918.88832600,0
1634848380000,4079.00000000,4087.37000000,4076.98000000,4080.87000000,372.54030000,1634848439999,1521430.50589500,896,296.74540000,1211998.55433700,0
1634848440000,4081.28000000,4081.30000000,4071.08000000,4072.65000000,162.55130000,1634848499999,662385.21837200,706,62.85270000,256131.35142900,0
1634848500000,4072.93000000,4078.88000000,4071.89000000,4076.55000000,222.87110000,1634848559999,908148.90408400,814,133.24180000,542840.20049100,0
1634848560000,4076.70000000,4083.05000000,4076.70000000,4083.04000000,98.33300000,1634848619999,401215.99630300,444,57.63710000,235149.65996000,0
1634848620000,4083.04000000,4084.23000000,4076.42000000,4081.58000000,134.64470000,1634848679999,549501.07853800,636,73.47140000,299800.63746400,0
1634848680000,4081.59000000,4081.61000000,4076.36000000,4076.42000000,130.49480000,1634848739999,532319.55030700,496,54.18910000,221037.66655600,0
1634848740000,4076.42000000,4076.84000000,4070.00000000,4070.83000000,181.61150000,1634848799999,739817.34975000,778,57.98560000,236228.69761000,0
1634848800000,4070.83000000,4073.62000000,4069.22000000,4072.96000000,216.70980000,1634848859999,882193.57562200,521,61.81950000,251663.60918000,0
1634848860000,4072.96000000,4073.94000000,4067.22000000,4067.75000000,441.28130000,1634848919999,1796155.02847100,940,149.08550000,606784.65337600,0
1634848920000,4067.76000000,4071.18000000,4065.11000000,4068.06000000,312.01610000,1634848979999,1269137.58676300,621,91.99800000,374271.76635200,0
1634848980000,4068.06000000,4075.84000000,4067.09000000,4072.62000000,293.42010000,1634849039999,1194853.54543200,846,204.30010000,831943.59153700,0
1634849040000,4072.62000000,4083.03000000,4071.43000000,4082.64000000,243.27660000,1634849099999,991868.76859200,697,125.86990000,513442.29454400,0
1634849100000,4082.64000000,4087.26000000,4078.73000000,4086.08000000,275.94470000,1634849159999,1126745.31068200,798,153.36400000,626253.24627000,0
1634849160000,4086.08000000,4093.83000000,4085.69000000,4093.31000000,268.47400000,1634849219999,1097678.29387300,855,124.13780000,507540.34927100,0
1634849220000,4093.30000000,4097.99000000,4090.64000000,4093.62000000,610.42300000,1634849279999,2499304.78367700,1282,332.76760000,1362771.06842000,0
1634849280000,4093.98000000,4093.99000000,4086.28000000,4087.00000000,231.41520000,1634849339999,946407.42511000,709,128.04770000,523623.20516200,0
1634849340000,4087.01000000,4087.01000000,4081.02000000,4085.85000000,156.70270000,1634849399999,640052.17955100,705,70.18450000,286692.24817800,0
1634849400000,4085.84000000,4092.68000000,4082.04000000,4092.11000000,149.70010000,1634849459999,612004.57860300,635,90.03710000,368164.60709400,0
1634849460000,4092.39000000,4099.99000000,4089.80000000,4099.98000000,375.84080000,1634849519999,1539246.60823900,1159,217.68040000,891735.93396100,0
1634849520000,4099.98000000,4102.48000000,4096.49000000,4099.86000000,451.35260000,1634849579999,1850324.25122900,1032,342.21270000,1402929.76774600,0
1634849580000,4099.86000000,4100.00000000,4095.17000000,4096.66000000,169.88690000,1634849639999,696105.71303400,715,88.37560000,362086.01206300,0
1634849640000,4097.22000000,4103.98000000,4096.72000000,4103.92000000,234.30770000,1634849699999,960975.13884200,877,149.83420000,614470.14457200,0
1634849700000,4103.88000000,4103.96000000,4099.54000000,4099.72000000,289.68620000,1634849759999,1188225.75683300,794,111.27770000,456409.70645400,0
1634849760000,4099.72000000,4101.61000000,4097.14000000,4097.33000000,164.99730000,1634849819999,676439.50855100,564,95.10810000,389874.43023700,0
1634849820000,4097.34000000,4098.90000000,4095.42000000,4095.78000000,57.23730000,1634849879999,234506.59142600,465,23.18270000,94986.11935800,0
1634849880000,4095.77000000,4095.79000000,4090.35000000,4092.47000000,160.05770000,1634849939999,655213.00073700,708,73.71750000,301749.37170900,0
1634849940000,4092.46000000,4092.46000000,4087.27000000,4090.01000000,86.68240000,1634849999999,354509.83455100,494,41.22200000,168589.17385000,0
1634850000000,4090.31000000,4100.00000000,4090.03000000,4099.62000000,443.26420000,1634850059999,1814421.04897500,647,352.69160000,1443515.43647800,0
1634850060000,4099.96000000,4103.38000000,4099.65000000,4103.31000000,141.47330000,1634850119999,580227.11647400,843,107.41220000,440511.34570400,0
1634850120000,4103.31000000,4105.00000000,4100.88000000,4103.75000000,206.59360000,1634850179999,847686.48896000,932,135.38810000,555547.52819400,0
1634850180000,4103.76000000,4105.60000000,4101.45000000,4104.61000000,215.78980000,1634850239999,885575.40630000,957,84.16940000,345415.87653000,0
1634850240000,4104.49000000,4105.34000000,4103.96000000,4104.70000000,110.45250000,1634850299999,453376.06457400,726,75.60400000,310337.31652000,0
1634850300000,4104.70000000,4104.70000000,4099.57000000,4102.01000000,208.80620000,1634850359999,856501.95751900,1026,125.74020000,515781.21784000,0
1634850360000,4102.00000000,4107.54000000,4102.00000000,4107.38000000,176.95970000,1634850419999,726484.72555500,877,133.98710000,550035.53016700,0
1634850420000,4107.40000000,4108.23000000,4103.21000000,4106.71000000,215.05140000,1634850479999,882821.91831900,878,78.64680000,322933.82741700,0
1634850480000,4107.05000000,4111.00000000,4106.32000000,4110.21000000,152.04170000,1634850539999,624718.36053400,931,104.33010000,428666.00189800,0
1634850540000,4110.21000000,4110.99000000,4107.00000000,4107.12000000,138.07270000,1634850599999,567343.31973100,839,68.48940000,281430.59703600,0
1634850600000,4107.02000000,4107.02000000,4104.33000000,4105.94000000,87.18320000,1634850659999,357937.45523400,642,55.04670000,225999.22886000,0
1634850660000,4105.89000000,4107.02000000,4103.07000000,4105.96000000,90.48390000,1634850719999,371459.35544200,737,56.72390000,232871.75115800,0
1634850720000,4105.97000000,4108.00000000,4104.16000000,4107.98000000,79.25410000,1634850779999,325429.01098700,509,63.69920000,261556.26567200,0
1634850780000,4107.98000000,4112.88000000,4107.97000000,4110.37000000,183.46120000,1634850839999,754175.37517500,971,113.32900000,465854.75775400,0
1634850840000,4110.38000000,4114.03000000,4109.36000000,4114.03000000,160.17950000,1634850899999,658634.57145600,818,99.70240000,409934.41379600,0
1634850900000,4114.00000000,4114.01000000,4106.32000000,4106.33000000,236.54250000,1634850959999,972477.16434400,1145,110.28010000,453438.67601000,0
1634850960000,4106.32000000,4109.30000000,4106.32000000,4107.72000000,156.21180000,1634851019999,641583.33784500,666,74.26360000,305012.80002500,0
1634851020000,4107.41000000,4107.74000000,4106.32000000,4107.01000000,221.75070000,1634851079999,910664.84509400,726,99.54170000,408801.12654000,0
1634851080000,4107.01000000,4108.00000000,4105.79000000,4107.00000000,108.19070000,1634851139999,444328.73762600,576,57.02560000,234213.96150600,0
1634851140000,4107.00000000,4111.50000000,4106.99000000,4109.45000000,93.06220000,1634851199999,382437.47380500,735,59.22470000,243362.14076200,0
1634851200000,4109.45000000,4110.81000000,4109.42000000,4109.83000000,72.22350000,1634851259999,296854.01989100,595,49.88360000,205033.96174600,0
1634851260000,4109.83000000,4115.00000000,4109.72000000,4114.58000000,141.12980000,1634851319999,580365.73294200,834,109.56060000,450542.21005800,0
1634851320000,4114.66000000,4118.76000000,4114.31000000,4116.96000000,240.92080000,1634851379999,991875.65706100,996,122.68770000,505077.59884500,0
1634851380000,4116.77000000,4118.97000000,4114.40000000,4118.50000000,238.45150000,1634851439999,981554.52448200,1598,119.91130000,493591.08946500,0
1634851440000,4118.47000000,4119.49000000,4114.47000000,4118.34000000,584.26740000,1634851499999,2405740.35887000,1147,300.75430000,1238300.38433800,0
1634851500000,4117.94000000,4118.15000000,4110.48000000,4111.52000000,508.24800000,1634851559999,2090609.31691000,1276,184.29850000,758016.75326200,0
1634851560000,4111.93000000,4112.60000000,4110.00000000,4110.47000000,95.39370000,1634851619999,392203.22110400,646,41.92470000,172384.76494200,0
1634851620000,4110.42000000,4110.53000000,4106.62000000,4106.62000000,197.84880000,1634851679999,813076.69624900,748,23.84330000,97967.98340600,0
1634851680000,4106.89000000,4107.87000000,4104.03000000,4106.92000000,326.68620000,1634851739999,1341353.49876700,860,130.81400000,537190.32543000,0
1634851740000,4106.78000000,4108.13000000,4105.37000000,4107.40000000,92.36620000,1634851799999,379310.13789300,742,47.92500000,196817.45430800,0
1634851800000,4107.40000000,4108.19000000,4106.63000000,4107.83000000,56.73980000,1634851859999,233044.87073700,586,30.32840000,124568.55977300,0
1634851860000,4107.53000000,4108.99000000,4106.90000000,4108.08000000,50.54580000,1634851919999,207633.58585200,702,24.98420000,102631.90337800,0
1634851920000,4108.35000000,4109.60000000,4108.09000000,4109.33000000,64.08020000,1634851979999,263277.68884200,575,44.39260000,182393.22126200,0
1634851980000,4109.32000000,4109.58000000,4107.67000000,4109.15000000,126.58940000,1634852039999,520075.33788000,695,54.02310000,221960.28177900,0
1634852040000,4108.63000000,4109.70000000,4108.01000000,4109.50000000,60.81370000,1634852099999,249890.28679900,536,40.85430000,167878.54720400,0
1634852100000,4109.51000000,4114.75000000,4109.04000000,4114.75000000,87.18510000,1634852159999,358398.91391300,813,66.59660000,273754.01394000,0
1634852160000,4114.75000000,4116.99000000,4114.45000000,4116.81000000,94.16750000,1634852219999,387616.35364200,643,68.58480000,282316.42280000,0
1634852220000,4116.81000000,4116.85000000,4116.51000000,4116.51000000,80.88630000,1634852279999,332983.44130100,623,43.28760000,178201.14597400,0
1634852280000,4116.51000000,4116.51000000,4110.49000000,4110.64000000,121.38690000,1634852339999,499267.18838600,649,57.86330000,237990.29358600,0
1634852340000,4111.38000000,4111.41000000,4100.00000000,4100.33000000,364.66480000,1634852399999,1497062.39228600,1356,112.41760000,461656.48648600,0
1634852400000,4100.33000000,4100.33000000,4085.61000000,4090.00000000,541.65130000,1634852459999,2215993.01805600,1698,195.64940000,800343.74168300,0
1634852460000,4090.00000000,4095.00000000,4090.00000000,4095.00000000,109.66140000,1634852519999,448855.11311800,708,70.52740000,288688.84369100,0
1634852520000,4095.00000000,4097.20000000,4094.99000000,4097.18000000,96.49050000,1634852579999,395207.95146200,502,65.43320000,268003.24814700,0
1634852580000,4097.19000000,4097.19000000,4091.18000000,4091.53000000,159.17590000,1634852639999,651769.37205700,750,34.16180000,139852.60505800,0
1634852640000,4091.52000000,4091.53000000,4077.92000000,4080.76000000,819.70860000,1634852699999,3346228.86748400,1650,386.41310000,1576902.11227200,0
1634852700000,4080.77000000,4087.67000000,4080.34000000,4087.10000000,113.14720000,1634852759999,462204.88293600,800,54.62610000,223092.48805700,0
1634852760000,4087.10000000,4090.69000000,4084.00000000,4089.33000000,146.34950000,1634852819999,598089.16608200,766,72.53180000,296425.87200300,0
1634852820000,4089.17000000,4091.09000000,4088.77000000,4090.80000000,66.20300000,1634852879999,270767.44383400,726,48.14050000,196893.34802400,0
1634852880000,4090.88000000,4094.38000000,4090.85000000,4094.05000000,83.63980000,1634852939999,342286.26427500,642,55.47550000,227017.85365500,0
1634852940000,4094.05000000,4094.05000000,4081.41000000,4081.55000000,253.52820000,1634852999999,1036338.33155400,905,100.16600000,409393.49541200,0
1634853000000,4081.99000000,4084.99000000,4071.16000000,4074.91000000,904.35190000,1634853059999,3688339.83782800,1653,148.60060000,605777.09879000,0
1634853060000,4074.91000000,4081.17000000,4074.62000000,4080.10000000,146.60550000,1634853119999,597961.03473500,758,99.05440000,404011.17531900,0
1634853120000,4080.10000000,4083.54000000,4077.68000000,4083.54000000,234.69930000,1634853179999,957391.13288900,677,151.65630000,618605.27066600,0
1634853180000,4083.53000000,4085.29000000,4083.02000000,4084.07000000,114.00330000,1634853239999,465595.69832300,715,56.60340000,231179.53676300,0
1634853240000,4084.07000000,4089.88000000,4083.99000000,4084.07000000,108.87260000,1634853299999,444914.27168200,647,56.24930000,229873.35153300,0
1634853300000,4084.08000000,4084.08000000,4068.19000000,4075.01000000,407.98480000,1634853359999,1662312.47268300,1653,176.88470000,720695.84982200,0
1634853360000,4075.05000000,4081.61000000,4070.80000000,4078.96000000,218.72000000,1634853419999,891466.43437100,921,120.66410000,491739.82558200,0
1634853420000,4078.96000000,4087.10000000,4078.01000000,4084.88000000,120.98990000,1634853479999,493892.50129300,791,63.67670000,259925.28619400,0
1634853480000,4084.88000000,4087.72000000,4081.23000000,4085.02000000,96.80680000,1634853539999,395514.98944700,750,66.46390000,271540.83591300,0
1634853540000,4085.16000000,4094.63000000,4083.81000000,4092.83000000,181.38000000,1634853599999,741932.84581900,762,116.87130000,477995.87776800,0
1634853600000,4092.83000000,4093.94000000,4085.44000000,4086.82000000,225.74610000,1634853659999,923656.13021300,507,169.00800000,691577.35047300,0
1634853660000,4086.83000000,4089.99000000,4081.38000000,4084.38000000,92.19720000,1634853719999,376627.82883900,462,50.16810000,204936.27432800,0
1634853720000,4084.38000000,4101.27000000,4084.38000000,4095.85000000,317.06190000,1634853779999,1298962.08352000,902,95.05840000,389356.23638400,0
1634853780000,4095.92000000,4103.38000000,4095.00000000,4096.99000000,126.35180000,1634853839999,518062.22277800,630,72.86790000,298721.84805000,0
1634853840000,4097.51000000,4102.63000000,4089.27000000,4097.30000000,471.27500000,1634853899999,1930598.75819500,944,289.77480000,1187028.46510400,0
1634853900000,4096.96000000,4098.99000000,4092.63000000,4098.74000000,144.44770000,1634853959999,591572.38211600,686,93.80460000,384163.29031600,0
1634853960000,4098.73000000,4100.00000000,4096.51000000,4099.99000000,135.00310000,1634854019999,553394.55149200,515,93.67180000,383980.19957800,0
1634854020000,4100.00000000,4100.00000000,4096.81000000,4097.45000000,67.29080000,1634854079999,275777.25761300,431,34.97370000,143316.25005600,0
1634854080000,4097.40000000,4099.44000000,4093.06000000,4095.45000000,265.35790000,1634854139999,1086906.53271400,554,199.42680000,816848.22377500,0
1634854140000,4095.45000000,4099.31000000,4095.45000000,4099.00000000,69.04610000,1634854199999,282963.35254200,353,17.82150000,73032.78022200,0
1634854200000,4099.35000000,4101.99000000,4096.65000000,4101.48000000,146.95930000,1634854259999,602445.95027800,431,90.71530000,371878.44701000,0
1634854260000,4101.47000000,4102.63000000,4095.39000000,4096.04000000,146.91640000,1634854319999,602329.79405300,526,38.49020000,157838.93508800,0
1634854320000,4095.58000000,4096.96000000,4089.45000000,4091.88000000,159.00570000,1634854379999,650737.63765500,515,55.79740000,228370.47831600,0
1634854380000,4092.01000000,4098.45000000,4088.71000000,4097.20000000,138.34570000,1634854439999,566364.78346400,448,66.32780000,271452.67921600,0
1634854440000,4097.27000000,4102.00000000,4097.26000000,4100.66000000,173.77690000,1634854499999,712616.40771900,513,110.85950000,454586.16686400,0
1634854500000,4100.66000000,4101.22000000,4094.75000000,4100.01000000,216.28070000,1634854559999,886373.25377100,588,73.60050000,301594.46384500,0
1634854560000,4100.02000000,4102.58000000,4098.01000000,4098.77000000,203.95270000,1634854619999,836285.42175000,435,104.43060000,428199.21939800,0
1634854620000,4099.17000000,4101.21000000,4097.77000000,4098.60000000,50.95200000,1634854679999,208918.97856000,314,22.63860000,92820.36984600,0
1634854680000,4098.59000000,4098.81000000,4094.33000000,4095.90000000,134.71260000,1634854739999,551738.15686500,396,58.07270000,237821.10186500,0
1634854740000,4095.90000000,4098.02000000,4094.01000000,4097.61000000,88.23960000,1634854799999,361506.88900900,299,58.30370000,238876.04476800,0
1634854800000,4097.61000000,4101.02000000,4090.86000000,4093.94000000,193.05080000,1634854859999,790744.96728700,563,88.30630000,361783.36381900,0
1634854860000,4093.74000000,4093.74000000,4087.38000000,4087.42000000,139.09970000,1634854919999,568968.94672100,523,43.30510000,177132.75755000,0
1634854920000,4087.40000000,4089.91000000,4085.89000000,4087.36000000,216.58710000,1634854979999,885359.71283200,589,93.80810000,383417.29640400,0
1634854980000,4087.36000000,4090.18000000,4085.04000000,4086.28000000,133.03960000,1634855039999,543791.99279900,532,71.84690000,293695.39843600,0
1634855040000,4086.15000000,4094.72000000,4085.90000000,4093.41000000,171.34330000,1634855099999,700961.30229700,464,82.07450000,335759.56091500,0
1634855100000,4093.38000000,4097.56000000,4093.38000000,4096.72000000,101.97170000,1634855159999,417633.79376500,409,56.45030000,231180.07325400,0
1634855160000,4096.71000000,4098.30000000,4092.52000000,4098.30000000,152.59310000,1634855219999,624996.56926500,466,98.09360000,401740.48250800,0
1634855220000,4098.25000000,4103.86000000,4097.35000000,4103.48000000,207.51720000,1634855279999,851091.77995200,609,154.82800000,634991.60044900,0
1634855280000,4103.50000000,4107.38000000,4103.50000000,4106.77000000,118.46540000,1634855339999,486383.12923300,621,61.02320000,250543.30430300,0
1634855340000,4106.77000000,4110.18000000,4104.01000000,4107.41000000,230.86690000,1634855399999,948414.60143200,745,115.82450000,475793.78495300,0
1634855400000,4107.02000000,4107.27000000,4101.85000000,4103.01000000,437.30990000,1634855459999,1794929.81505400,651,171.71250000,704804.38535000,0
1634855460000,4103.00000000,4104.32000000,4096.65000000,4098.17000000,387.60250000,1634855519999,1589480.81561400,688,81.76250000,335344.87058100,0
1634855520000,4098.97000000,4099.71000000,4093.34000000,4093.77000000,210.56500000,1634855579999,862395.00223000,514,53.56750000,219380.36501300,0
1634855580000,4093.90000000,4099.35000000,4092.85000000,4098.48000000,182.31440000,1634855639999,746705.50219400,545,95.13030000,389597.53636900,0
1634855640000,4098.48000000,4100.01000000,4093.24000000,4095.58000000,105.95260000,1634855699999,434071.34445400,492,43.76600000,179303.50052600,0
1634855700000,4095.58000000,4097.99000000,4086.94000000,4088.56000000,250.53440000,1634855759999,1024888.49315300,717,94.71510000,387417.44695500,0
1634855760000,4087.81000000,4089.82000000,4085.08000000,4087.95000000,207.91350000,1634855819999,849784.13220300,473,108.23460000,442343.33923900,0
1634855820000,4087.93000000,4088.66000000,4086.00000000,4087.72000000,115.73540000,1634855879999,473068.23060100,424,53.50030000,218684.04404200,0
1634855880000,4087.71000000,4089.40000000,4085.01000000,4085.61000000,204.63560000,1634855939999,836192.75320900,443,31.87640000,130272.92265200,0
1634855940000,4085.67000000,4089.14000000,4085.17000000,4086.25000000,92.41030000,1634855999999,377630.50608600,387,62.14380000,253941.81321600,0
1634856000000,4086.53000000,4088.00000000,4085.00000000,4086.55000000,74.52720000,1634856059999,304550.13171000,305,37.96560000,155146.10489100,0
1634856060000,4086.16000000,4086.53000000,4083.38000000,4083.85000000,237.74850000,1634856119999,971181.42464200,484,47.61770000,194521.23702200,0
1634856120000,4083.83000000,4083.84000000,4080.41000000,4081.82000000,125.53990000,1634856179999,512496.93462300,415,44.74210000,182660.40260800,0
1634856180000,4081.84000000,4082.89000000,4081.03000000,4081.43000000,49.31720000,1634856239999,201311.21976200,254,14.78810000,60365.78501300,0
1634856240000,4081.44000000,4082.14000000,4077.23000000,4078.67000000,406.33340000,1634856299999,1657714.72004800,962,210.57000000,859010.76492300,0
1634856300000,4078.12000000,4087.03000000,4077.79000000,4086.00000000,421.83470000,1634856359999,1721800.04083200,698,278.85820000,1138161.45223300,0
1634856360000,4085.99000000,4090.04000000,4081.64000000,4082.15000000,192.03770000,1634856419999,784675.88516900,616,97.16990000,397071.11271000,0
1634856420000,4082.16000000,4084.10000000,4078.53000000,4078.76000000,178.03570000,1634856479999,726519.15680200,505,82.93420000,338410.75459300,0
1634856480000,4078.78000000,4083.18000000,4077.17000000,4080.61000000,225.60370000,1634856539999,920529.85008500,743,92.96690000,379291.44056600,0
1634856540000,4080.61000000,4082.97000000,4076.20000000,4077.95000000,190.83670000,1634856599999,778336.78436600,557,70.42470000,287185.57999200,0
1634856600000,4077.95000000,4079.01000000,4076.13000000,4076.39000000,134.07350000,1634856659999,546649.33725800,382,63.01860000,256925.86423700,0
1634856660000,4076.39000000,4080.34000000,4076.28000000,4080.32000000,88.52460000,1634856719999,361047.02166000,323,33.59580000,137021.64882800,0
1634856720000,4080.17000000,4081.49000000,4076.81000000,4078.15000000,189.40700000,1634856779999,772689.08424800,444,66.97710000,273235.74514100,0
1634856780000,4078.15000000,4083.71000000,4076.21000000,4079.97000000,160.47150000,1634856839999,654699.42793900,509,70.69280000,288480.47136300,0
1634856840000,4079.97000000,4082.54000000,4077.14000000,4078.01000000,44.52140000,1634856899999,181632.99943600,247,19.84980000,80977.04315900,0
1634856900000,4078.00000000,4079.59000000,4076.41000000,4077.28000000,122.30400000,1634856959999,498693.70843100,339,31.71390000,129319.29794600,0
1634856960000,4077.26000000,4077.54000000,4072.57000000,4073.77000000,321.07910000,1634857019999,1308231.86984700,726,96.53940000,393376.67100200,0
1634857020000,4074.14000000,4074.14000000,4069.56000000,4069.64000000,255.26970000,1634857079999,1039204.31873300,690,67.25980000,273848.72310500,0
1634857080000,4069.64000000,4072.82000000,4060.54000000,4067.24000000,509.29100000,1634857139999,2070955.58076400,1816,209.77780000,853108.18234300,0
1634857140000,4067.25000000,4074.64000000,4065.01000000,4070.49000000,327.94210000,1634857199999,1334607.33952000,841,139.58850000,568155.81078200,0
1634857200000,4070.49000000,4077.64000000,4068.36000000,4074.02000000,366.65240000,1634857259999,1493117.32631100,676,216.47040000,881508.43645300,0
1634857260000,4074.03000000,4077.99000000,4074.03000000,4077.08000000,242.23640000,1634857319999,987507.59191900,640,60.05710000,244800.72284800,0
1634857320000,4076.75000000,4077.89000000,4073.91000000,4074.34000000,140.41850000,1634857379999,572389.81180600,495,51.50610000,209923.31994600,0
1634857380000,4074.34000000,4074.47000000,4066.64000000,4067.72000000,147.10590000,1634857439999,598854.25074100,409,47.75230000,194404.56145900,0
1634857440000,4067.31000000,4068.51000000,4064.31000000,4065.85000000,338.12530000,1634857499999,1374926.20257000,560,144.31770000,586835.14585700,0
1634857500000,4065.85000000,4072.12000000,4063.80000000,4067.89000000,271.88870000,1634857559999,1105707.08615600,644,184.82580000,751625.82919800,0
1634857560000,4067.90000000,4071.42000000,4067.32000000,4070.00000000,102.54540000,1634857619999,417223.65604900,407,61.49650000,250210.70842100,0
1634857620000,4070.00000000,4071.85000000,4067.33000000,4068.79000000,93.41460000,1634857679999,380096.65233400,440,71.49780000,290910.45246000,0
1634857680000,4068.67000000,4070.00000000,4068.00000000,4069.85000000,74.21070000,1634857739999,301958.90205800,521,36.02660000,146592.16397400,0
1634857740000,4069.85000000,4076.85000000,4069.85000000,4076.50000000,140.56830000,1634857799999,572659.15582300,582,93.88110000,382455.16144500,0
1634857800000,4076.51000000,4076.51000000,4069.00000000,4069.10000000,106.83220000,1634857859999,435104.12170100,489,44.58670000,181531.20055900,0
1634857860000,4069.11000000,4069.97000000,4068.23000000,4068.92000000,50.42670000,1634857919999,205180.99124300,311,26.35130000,107221.58170600,0
1634857920000,4068.81000000,4083.54000000,4062.80000000,4083.26000000,438.11990000,1634857979999,1783800.79671400,1047,242.18230000,986162.43692400,0
1634857980000,4083.26000000,4088.80000000,4080.37000000,4088.01000000,281.63310000,1634858039999,1150492.83042900,767,172.05790000,702971.55740700,0
1634858040000,4088.00000000,4088.01000000,4080.48000000,4083.38000000,226.57750000,1634858099999,925667.41548800,515,91.64890000,374381.64123000,0
1634858100000,4082.98000000,4086.05000000,4080.45000000,4083.28000000,138.41090000,1634858159999,565163.84967700,454,71.97420000,293849.55558500,0
1634858160000,4083.28000000,4083.65000000,4076.89000000,4079.57000000,126.95100000,1634858219999,517925.88707800,374,68.42770000,279189.22341300,0
1634858220000,4079.18000000,4083.19000000,4076.99000000,4079.64000000,90.96840000,1634858279999,371141.26586300,385,51.72420000,211024.58761700,0
1634858280000,4079.44000000,4079.74000000,4073.01000000,4075.42000000,92.19360000,1634858339999,375751.47519700,357,34.48250000,140543.02631100,0
1634858340000,4075.42000000,4076.65000000,4068.54000000,4070.32000000,230.21560000,1634858399999,937457.15129300,662,104.98790000,427589.39828500,0
1634858400000,4071.07000000,4071.44000000,4062.63000000,4064.84000000,266.44170000,1634858459999,1083327.08938100,747,90.54640000,368203.93435200,0
1634858460000,4065.51000000,4065.52000000,4062.06000000,4063.25000000,280.15790000,1634858519999,1138385.72902700,734,147.87530000,600882.39132600,0
1634858520000,4063.25000000,4064.29000000,4061.00000000,4061.49000000,123.13200000,1634858579999,500191.08036200,445,64.00000000,259990.93185100,0
1634858580000,4061.51000000,4065.43000000,4057.78000000,4059.18000000,334.27340000,1634858639999,1357372.60012400,1046,116.15270000,471713.32613600,0
1634858640000,4059.20000000,4059.40000000,4052.04000000,4054.06000000,417.89180000,1634858699999,1694678.19187700,1789,138.61440000,562099.48414200,0
1634858700000,4054.06000000,4054.63000000,4041.00000000,4045.83000000,1129.48350000,1634858759999,4572794.77393200,3060,413.26730000,1673049.68802100,0
1634858760000,4045.84000000,4056.14000000,4044.37000000,4053.26000000,625.48210000,1634858819999,2534503.22117900,5151,254.29680000,1030227.40650900,0
1634858820000,4053.27000000,4060.00000000,4053.02000000,4058.53000000,360.21440000,1634858879999,1461344.14541500,777,180.30240000,731545.57202600,0
1634858880000,4058.53000000,4065.18000000,4058.21000000,4062.76000000,193.86250000,1634858939999,787525.58674600,588,122.95480000,499427.31994200,0
1634858940000,4062.58000000,4069.06000000,4057.11000000,4058.40000000,245.58610000,1634858999999,997785.55196700,741,138.25350000,561944.26763600,0
1634859000000,4058.35000000,4062.90000000,4053.74000000,4060.98000000,154.42180000,1634859059999,626742.83508500,526,67.39230000,273492.29324100,0
1634859060000,4060.98000000,4064.10000000,4059.00000000,4063.79000000,115.70580000,1634859119999,469850.99471900,456,51.98970000,211130.80904000,0
1634859120000,4063.75000000,4065.49000000,4060.62000000,4060.63000000,223.88940000,1634859179999,909685.18993700,470,153.86770000,625227.21850700,0
1634859180000,4060.62000000,4065.95000000,4060.14000000,4064.99000000,85.95720000,1634859239999,349206.24384800,418,39.58480000,160814.30003800,0
1634859240000,4065.00000000,4065.00000000,4060.84000000,4062.86000000,134.62970000,1634859299999,547081.28519500,350,76.04680000,309018.56021200,0
1634859300000,4062.87000000,4070.00000000,4062.00000000,4068.00000000,293.93470000,1634859359999,1195180.62207700,700,130.20720000,529369.27733900,0
1634859360000,4068.01000000,4070.00000000,4065.64000000,4069.53000000,133.77640000,1634859419999,544189.16464200,375,78.80550000,320548.70204400,0
1634859420000,4069.23000000,4071.94000000,4067.01000000,4071.44000000,163.06810000,1634859479999,663617.19467100,556,71.54270000,291127.47883300,0
1634859480000,4071.44000000,4073.22000000,4070.00000000,4072.73000000,142.23170000,1634859539999,579180.93270300,478,90.92140000,370228.63540300,0
1634859540000,4072.73000000,4072.73000000,4066.49000000,4069.18000000,173.38490000,1634859599999,705518.52771800,448,76.33510000,310572.64038600,0
1634859600000,4069.17000000,4070.25000000,4062.80000000,4064.61000000,82.91950000,1634859659999,337097.85424900,355,36.47090000,148260.27155800,0
1634859660000,4064.61000000,4068.76000000,4064.04000000,4068.50000000,221.22280000,1634859719999,899620.69716300,543,86.20390000,350552.62010800,0
1634859720000,4068.02000000,4071.68000000,4065.52000000,4071.65000000,88.18710000,1634859779999,358820.55867700,394,52.00420000,211605.28884000,0
1634859780000,4071.65000000,4073.93000000,4069.43000000,4071.27000000,141.34740000,1634859839999,575571.50054100,478,78.66900000,320343.25987300,0
1634859840000,4071.57000000,4073.42000000,4068.98000000,4072.56000000,46.63220000,1634859899999,189872.78939800,289,16.65100000,67791.32479100,0
1634859900000,4072.55000000,4077.17000000,4072.55000000,4075.64000000,139.38140000,1634859959999,567900.65019400,484,96.26380000,392178.63779700,0
1634859960000,4075.64000000,4077.24000000,4074.21000000,4076.89000000,164.57200000,1634860019999,670846.36897200,457,43.62800000,177831.02719600,0
1634860020000,4076.88000000,4077.93000000,4072.26000000,4074.41000000,148.84600000,1634860079999,606610.40896100,560,81.63920000,332696.02368200,0
1634860080000,4074.00000000,4074.01000000,4066.36000000,4067.32000000,246.84400000,1634860139999,1004669.22801100,491,75.83630000,308632.32563500,0
1634860140000,4067.32000000,4070.24000000,4065.86000000,4065.88000000,81.89130000,1634860199999,333134.83411700,351,24.81500000,100926.18247200,0
1634860200000,4065.89000000,4067.52000000,4058.38000000,4062.70000000,399.92030000,1634860259999,1624692.43389100,635,200.98800000,816729.30661000,0
1634860260000,4062.70000000,4063.62000000,4059.61000000,4061.01000000,188.69530000,1634860319999,766398.06986300,483,66.34680000,269465.01602600,0
1634860320000,4061.16000000,4065.21000000,4060.41000000,4063.43000000,146.35590000,1634860379999,594729.01471400,430,53.95740000,219274.18121700,0
1634860380000,4063.43000000,4072.99000000,4063.07000000,4066.41000000,166.94210000,1634860439999,679382.16583900,625,67.07190000,272937.63003900,0
1634860440000,4066.41000000,4067.14000000,4062.39000000,4062.72000000,136.88750000,1634860499999,556453.42649200,460,65.33150000,265568.38194700,0
1634860500000,4062.73000000,4064.85000000,4060.00000000,4062.19000000,178.28740000,1634860559999,724126.81895000,458,76.70480000,311554.07865800,0
1634860560000,4062.19000000,4062.26000000,4057.45000000,4057.77000000,192.56610000,1634860619999,781793.91558600,486,98.04830000,398052.88634800,0
1634860620000,4058.15000000,4058.81000000,4056.73000000,4057.53000000,110.93130000,1634860679999,450119.30577200,367,38.43520000,155961.31303600,0
1634860680000,4057.53000000,4058.16000000,4052.83000000,4052.83000000,240.10800000,1634860739999,973777.98248700,536,65.30870000,264884.59621800,0
1634860740000,4052.84000000,4056.87000000,4052.01000000,4052.99000000,197.21550000,1634860799999,799506.05846400,588,118.55470000,480625.39696200,0
